# Example spectrum for the 7DT calculator: 8000 K blackbody with Balmer and Ca II absorption, scaled to r = 18.0 AB
# column 1: wavelength [Angstrom]   column 2: f_lambda [erg/s/cm^2/Angstrom]
3000.0 2.959834e-16
3002.0 2.961820e-16
3004.0 2.963798e-16
3006.0 2.965768e-16
3008.0 2.967731e-16
3010.0 2.969686e-16
3012.0 2.971633e-16
3014.0 2.973573e-16
3016.0 2.975505e-16
3018.0 2.977429e-16
3020.0 2.979345e-16
3022.0 2.981254e-16
3024.0 2.983154e-16
3026.0 2.985048e-16
3028.0 2.986933e-16
3030.0 2.988811e-16
3032.0 2.990681e-16
3034.0 2.992543e-16
3036.0 2.994398e-16
3038.0 2.996245e-16
3040.0 2.998085e-16
3042.0 2.999916e-16
3044.0 3.001740e-16
3046.0 3.003557e-16
3048.0 3.005366e-16
3050.0 3.007167e-16
3052.0 3.008960e-16
3054.0 3.010746e-16
3056.0 3.012525e-16
3058.0 3.014295e-16
3060.0 3.016059e-16
3062.0 3.017814e-16
3064.0 3.019562e-16
3066.0 3.021302e-16
3068.0 3.023035e-16
3070.0 3.024760e-16
3072.0 3.026478e-16
3074.0 3.028188e-16
3076.0 3.029891e-16
3078.0 3.031586e-16
3080.0 3.033274e-16
3082.0 3.034954e-16
3084.0 3.036626e-16
3086.0 3.038291e-16
3088.0 3.039949e-16
3090.0 3.041599e-16
3092.0 3.043241e-16
3094.0 3.044876e-16
3096.0 3.046504e-16
3098.0 3.048124e-16
3100.0 3.049737e-16
3102.0 3.051342e-16
3104.0 3.052940e-16
3106.0 3.054530e-16
3108.0 3.056113e-16
3110.0 3.057689e-16
3112.0 3.059257e-16
3114.0 3.060817e-16
3116.0 3.062371e-16
3118.0 3.063917e-16
3120.0 3.065455e-16
3122.0 3.066987e-16
3124.0 3.068510e-16
3126.0 3.070027e-16
3128.0 3.071536e-16
3130.0 3.073038e-16
3132.0 3.074533e-16
3134.0 3.076020e-16
3136.0 3.077500e-16
3138.0 3.078972e-16
3140.0 3.080438e-16
3142.0 3.081896e-16
3144.0 3.083346e-16
3146.0 3.084790e-16
3148.0 3.086226e-16
3150.0 3.087655e-16
3152.0 3.089077e-16
3154.0 3.090491e-16
3156.0 3.091899e-16
3158.0 3.093299e-16
3160.0 3.094692e-16
3162.0 3.096077e-16
3164.0 3.097456e-16
3166.0 3.098827e-16
3168.0 3.100191e-16
3170.0 3.101548e-16
3172.0 3.102898e-16
3174.0 3.104241e-16
3176.0 3.105576e-16
3178.0 3.106905e-16
3180.0 3.108226e-16
3182.0 3.109540e-16
3184.0 3.110847e-16
3186.0 3.112147e-16
3188.0 3.113440e-16
3190.0 3.114726e-16
3192.0 3.116005e-16
3194.0 3.117277e-16
3196.0 3.118541e-16
3198.0 3.119799e-16
3200.0 3.121050e-16
3202.0 3.122293e-16
3204.0 3.123530e-16
3206.0 3.124760e-16
3208.0 3.125982e-16
3210.0 3.127198e-16
3212.0 3.128406e-16
3214.0 3.129608e-16
3216.0 3.130803e-16
3218.0 3.131991e-16
3220.0 3.133172e-16
3222.0 3.134346e-16
3224.0 3.135513e-16
3226.0 3.136673e-16
3228.0 3.137826e-16
3230.0 3.138973e-16
3232.0 3.140112e-16
3234.0 3.141245e-16
3236.0 3.142371e-16
3238.0 3.143490e-16
3240.0 3.144602e-16
3242.0 3.145707e-16
3244.0 3.146806e-16
3246.0 3.147897e-16
3248.0 3.148982e-16
3250.0 3.150060e-16
3252.0 3.151132e-16
3254.0 3.152196e-16
3256.0 3.153254e-16
3258.0 3.154305e-16
3260.0 3.155349e-16
3262.0 3.156387e-16
3264.0 3.157418e-16
3266.0 3.158442e-16
3268.0 3.159459e-16
3270.0 3.160470e-16
3272.0 3.161474e-16
3274.0 3.162472e-16
3276.0 3.163463e-16
3278.0 3.164447e-16
3280.0 3.165424e-16
3282.0 3.166395e-16
3284.0 3.167360e-16
3286.0 3.168317e-16
3288.0 3.169268e-16
3290.0 3.170213e-16
3292.0 3.171151e-16
3294.0 3.172082e-16
3296.0 3.173007e-16
3298.0 3.173925e-16
3300.0 3.174837e-16
3302.0 3.175742e-16
3304.0 3.176641e-16
3306.0 3.177533e-16
3308.0 3.178419e-16
3310.0 3.179298e-16
3312.0 3.180171e-16
3314.0 3.181037e-16
3316.0 3.181897e-16
3318.0 3.182750e-16
3320.0 3.183597e-16
3322.0 3.184438e-16
3324.0 3.185272e-16
3326.0 3.186100e-16
3328.0 3.186921e-16
3330.0 3.187736e-16
3332.0 3.188545e-16
3334.0 3.189347e-16
3336.0 3.190143e-16
3338.0 3.190933e-16
3340.0 3.191716e-16
3342.0 3.192493e-16
3344.0 3.193264e-16
3346.0 3.194028e-16
3348.0 3.194786e-16
3350.0 3.195538e-16
3352.0 3.196284e-16
3354.0 3.197023e-16
3356.0 3.197756e-16
3358.0 3.198483e-16
3360.0 3.199204e-16
3362.0 3.199918e-16
3364.0 3.200626e-16
3366.0 3.201329e-16
3368.0 3.202024e-16
3370.0 3.202714e-16
3372.0 3.203398e-16
3374.0 3.204075e-16
3376.0 3.204746e-16
3378.0 3.205412e-16
3380.0 3.206071e-16
3382.0 3.206724e-16
3384.0 3.207371e-16
3386.0 3.208011e-16
3388.0 3.208646e-16
3390.0 3.209275e-16
3392.0 3.209898e-16
3394.0 3.210514e-16
3396.0 3.211125e-16
3398.0 3.211729e-16
3400.0 3.212328e-16
3402.0 3.212921e-16
3404.0 3.213507e-16
3406.0 3.214088e-16
3408.0 3.214663e-16
3410.0 3.215231e-16
3412.0 3.215794e-16
3414.0 3.216351e-16
3416.0 3.216902e-16
3418.0 3.217447e-16
3420.0 3.217986e-16
3422.0 3.218520e-16
3424.0 3.219047e-16
3426.0 3.219569e-16
3428.0 3.220084e-16
3430.0 3.220594e-16
3432.0 3.221098e-16
3434.0 3.221597e-16
3436.0 3.222089e-16
3438.0 3.222576e-16
3440.0 3.223057e-16
3442.0 3.223532e-16
3444.0 3.224001e-16
3446.0 3.224465e-16
3448.0 3.224922e-16
3450.0 3.225375e-16
3452.0 3.225821e-16
3454.0 3.226262e-16
3456.0 3.226697e-16
3458.0 3.227126e-16
3460.0 3.227550e-16
3462.0 3.227968e-16
3464.0 3.228380e-16
3466.0 3.228787e-16
3468.0 3.229188e-16
3470.0 3.229583e-16
3472.0 3.229973e-16
3474.0 3.230358e-16
3476.0 3.230736e-16
3478.0 3.231109e-16
3480.0 3.231477e-16
3482.0 3.231839e-16
3484.0 3.232195e-16
3486.0 3.232546e-16
3488.0 3.232892e-16
3490.0 3.233232e-16
3492.0 3.233566e-16
3494.0 3.233895e-16
3496.0 3.234218e-16
3498.0 3.234536e-16
3500.0 3.234849e-16
3502.0 3.235156e-16
3504.0 3.235458e-16
3506.0 3.235754e-16
3508.0 3.236045e-16
3510.0 3.236330e-16
3512.0 3.236610e-16
3514.0 3.236885e-16
3516.0 3.237154e-16
3518.0 3.237418e-16
3520.0 3.237677e-16
3522.0 3.237930e-16
3524.0 3.238178e-16
3526.0 3.238421e-16
3528.0 3.238659e-16
3530.0 3.238891e-16
3532.0 3.239117e-16
3534.0 3.239339e-16
3536.0 3.239555e-16
3538.0 3.239766e-16
3540.0 3.239972e-16
3542.0 3.240173e-16
3544.0 3.240368e-16
3546.0 3.240558e-16
3548.0 3.240744e-16
3550.0 3.240923e-16
3552.0 3.241098e-16
3554.0 3.241268e-16
3556.0 3.241432e-16
3558.0 3.241591e-16
3560.0 3.241745e-16
3562.0 3.241894e-16
3564.0 3.242038e-16
3566.0 3.242177e-16
3568.0 3.242311e-16
3570.0 3.242440e-16
3572.0 3.242563e-16
3574.0 3.242682e-16
3576.0 3.242795e-16
3578.0 3.242904e-16
3580.0 3.243008e-16
3582.0 3.243106e-16
3584.0 3.243200e-16
3586.0 3.243288e-16
3588.0 3.243372e-16
3590.0 3.243450e-16
3592.0 3.243524e-16
3594.0 3.243593e-16
3596.0 3.243657e-16
3598.0 3.243716e-16
3600.0 3.243770e-16
3602.0 3.243819e-16
3604.0 3.243863e-16
3606.0 3.243903e-16
3608.0 3.243937e-16
3610.0 3.243967e-16
3612.0 3.243992e-16
3614.0 3.244012e-16
3616.0 3.244027e-16
3618.0 3.244037e-16
3620.0 3.244043e-16
3622.0 3.244044e-16
3624.0 3.244040e-16
3626.0 3.244031e-16
3628.0 3.244018e-16
3630.0 3.243999e-16
3632.0 3.243976e-16
3634.0 3.243949e-16
3636.0 3.243917e-16
3638.0 3.243879e-16
3640.0 3.243838e-16
3642.0 3.243791e-16
3644.0 3.243740e-16
3646.0 3.243685e-16
3648.0 3.243624e-16
3650.0 3.243559e-16
3652.0 3.243490e-16
3654.0 3.243415e-16
3656.0 3.243337e-16
3658.0 3.243253e-16
3660.0 3.243165e-16
3662.0 3.243073e-16
3664.0 3.242976e-16
3666.0 3.242874e-16
3668.0 3.242768e-16
3670.0 3.242657e-16
3672.0 3.242542e-16
3674.0 3.242422e-16
3676.0 3.242298e-16
3678.0 3.242169e-16
3680.0 3.242036e-16
3682.0 3.241898e-16
3684.0 3.241756e-16
3686.0 3.241610e-16
3688.0 3.241459e-16
3690.0 3.241304e-16
3692.0 3.241144e-16
3694.0 3.240980e-16
3696.0 3.240811e-16
3698.0 3.240638e-16
3700.0 3.240461e-16
3702.0 3.240279e-16
3704.0 3.240093e-16
3706.0 3.239903e-16
3708.0 3.239708e-16
3710.0 3.239509e-16
3712.0 3.239306e-16
3714.0 3.239099e-16
3716.0 3.238887e-16
3718.0 3.238671e-16
3720.0 3.238450e-16
3722.0 3.238226e-16
3724.0 3.237997e-16
3726.0 3.237764e-16
3728.0 3.237526e-16
3730.0 3.237285e-16
3732.0 3.237039e-16
3734.0 3.236789e-16
3736.0 3.236535e-16
3738.0 3.236277e-16
3740.0 3.236015e-16
3742.0 3.235748e-16
3744.0 3.235478e-16
3746.0 3.235203e-16
3748.0 3.234924e-16
3750.0 3.234641e-16
3752.0 3.234354e-16
3754.0 3.234063e-16
3756.0 3.233767e-16
3758.0 3.233468e-16
3760.0 3.233165e-16
3762.0 3.232857e-16
3764.0 3.232546e-16
3766.0 3.232230e-16
3768.0 3.231911e-16
3770.0 3.231588e-16
3772.0 3.231260e-16
3774.0 3.230929e-16
3776.0 3.230593e-16
3778.0 3.230254e-16
3780.0 3.229911e-16
3782.0 3.229563e-16
3784.0 3.229212e-16
3786.0 3.228857e-16
3788.0 3.228498e-16
3790.0 3.228135e-16
3792.0 3.227768e-16
3794.0 3.227398e-16
3796.0 3.227023e-16
3798.0 3.226645e-16
3800.0 3.226262e-16
3802.0 3.225876e-16
3804.0 3.225486e-16
3806.0 3.225093e-16
3808.0 3.224695e-16
3810.0 3.224294e-16
3812.0 3.223889e-16
3814.0 3.223480e-16
3816.0 3.223067e-16
3818.0 3.222650e-16
3820.0 3.222230e-16
3822.0 3.221806e-16
3824.0 3.221379e-16
3826.0 3.220947e-16
3828.0 3.220512e-16
3830.0 3.220073e-16
3832.0 3.219631e-16
3834.0 3.219185e-16
3836.0 3.218735e-16
3838.0 3.218281e-16
3840.0 3.217824e-16
3842.0 3.217364e-16
3844.0 3.216899e-16
3846.0 3.216431e-16
3848.0 3.215959e-16
3850.0 3.215484e-16
3852.0 3.215005e-16
3854.0 3.214523e-16
3856.0 3.214037e-16
3858.0 3.213547e-16
3860.0 3.213054e-16
3862.0 3.212558e-16
3864.0 3.212057e-16
3866.0 3.211554e-16
3868.0 3.211046e-16
3870.0 3.210536e-16
3872.0 3.210022e-16
3874.0 3.209504e-16
3876.0 3.208983e-16
3878.0 3.208458e-16
3880.0 3.207930e-16
3882.0 3.207398e-16
3884.0 3.206863e-16
3886.0 3.206325e-16
3888.0 3.205783e-16
3890.0 3.205238e-16
3892.0 3.204688e-16
3894.0 3.204133e-16
3896.0 3.203568e-16
3898.0 3.202978e-16
3900.0 3.202327e-16
3902.0 3.201519e-16
3904.0 3.200336e-16
3906.0 3.198304e-16
3908.0 3.194482e-16
3910.0 3.187159e-16
3912.0 3.173496e-16
3914.0 3.149247e-16
3916.0 3.108797e-16
3918.0 3.045805e-16
3920.0 2.954689e-16
3922.0 2.832887e-16
3924.0 2.683391e-16
3926.0 2.516583e-16
3928.0 2.350240e-16
3930.0 2.206980e-16
3932.0 2.109381e-16
3934.0 2.074105e-16
3936.0 2.107072e-16
3938.0 2.201536e-16
3940.0 2.339785e-16
3942.0 2.497770e-16
3944.0 2.650854e-16
3946.0 2.778711e-16
3948.0 2.868071e-16
3950.0 2.913088e-16
3952.0 2.914035e-16
3954.0 2.875387e-16
3956.0 2.804188e-16
3958.0 2.709110e-16
3960.0 2.600071e-16
3962.0 2.488021e-16
3964.0 2.384478e-16
3966.0 2.300585e-16
3968.0 2.245795e-16
3970.0 2.226487e-16
3972.0 2.244926e-16
3974.0 2.298898e-16
3976.0 2.382178e-16
3978.0 2.485701e-16
3980.0 2.599182e-16
3982.0 2.712764e-16
3984.0 2.818349e-16
3986.0 2.910390e-16
3988.0 2.986069e-16
3990.0 3.044977e-16
3992.0 3.088482e-16
3994.0 3.118995e-16
3996.0 3.139311e-16
3998.0 3.152117e-16
4000.0 3.159708e-16
4002.0 3.163869e-16
4004.0 3.165891e-16
4006.0 3.166643e-16
4008.0 3.166675e-16
4010.0 3.166319e-16
4012.0 3.165762e-16
4014.0 3.165104e-16
4016.0 3.164398e-16
4018.0 3.163668e-16
4020.0 3.162927e-16
4022.0 3.162180e-16
4024.0 3.161428e-16
4026.0 3.160673e-16
4028.0 3.159915e-16
4030.0 3.159154e-16
4032.0 3.158390e-16
4034.0 3.157623e-16
4036.0 3.156854e-16
4038.0 3.156082e-16
4040.0 3.155306e-16
4042.0 3.154526e-16
4044.0 3.153741e-16
4046.0 3.152946e-16
4048.0 3.152137e-16
4050.0 3.151301e-16
4052.0 3.150415e-16
4054.0 3.149439e-16
4056.0 3.148302e-16
4058.0 3.146887e-16
4060.0 3.145002e-16
4062.0 3.142350e-16
4064.0 3.138484e-16
4066.0 3.132763e-16
4068.0 3.124302e-16
4070.0 3.111937e-16
4072.0 3.094221e-16
4074.0 3.069452e-16
4076.0 3.035772e-16
4078.0 2.991343e-16
4080.0 2.934590e-16
4082.0 2.864522e-16
4084.0 2.781070e-16
4086.0 2.685409e-16
4088.0 2.580177e-16
4090.0 2.469544e-16
4092.0 2.359053e-16
4094.0 2.255230e-16
4096.0 2.164980e-16
4098.0 2.094832e-16
4100.0 2.050158e-16
4102.0 2.034488e-16
4104.0 2.049036e-16
4106.0 2.092540e-16
4108.0 2.161428e-16
4110.0 2.250299e-16
4112.0 2.352606e-16
4114.0 2.461448e-16
4116.0 2.570312e-16
4118.0 2.673677e-16
4120.0 2.767406e-16
4122.0 2.848889e-16
4124.0 2.916978e-16
4126.0 2.971764e-16
4128.0 3.014254e-16
4130.0 3.046028e-16
4132.0 3.068930e-16
4134.0 3.084813e-16
4136.0 3.095377e-16
4138.0 3.102064e-16
4140.0 3.106030e-16
4142.0 3.108157e-16
4144.0 3.109080e-16
4146.0 3.109244e-16
4148.0 3.108943e-16
4150.0 3.108367e-16
4152.0 3.107633e-16
4154.0 3.106810e-16
4156.0 3.105938e-16
4158.0 3.105040e-16
4160.0 3.104128e-16
4162.0 3.103207e-16
4164.0 3.102281e-16
4166.0 3.101352e-16
4168.0 3.100420e-16
4170.0 3.099485e-16
4172.0 3.098548e-16
4174.0 3.097609e-16
4176.0 3.096668e-16
4178.0 3.095724e-16
4180.0 3.094778e-16
4182.0 3.093831e-16
4184.0 3.092881e-16
4186.0 3.091928e-16
4188.0 3.090974e-16
4190.0 3.090018e-16
4192.0 3.089059e-16
4194.0 3.088098e-16
4196.0 3.087136e-16
4198.0 3.086171e-16
4200.0 3.085204e-16
4202.0 3.084235e-16
4204.0 3.083263e-16
4206.0 3.082290e-16
4208.0 3.081315e-16
4210.0 3.080337e-16
4212.0 3.079358e-16
4214.0 3.078376e-16
4216.0 3.077393e-16
4218.0 3.076407e-16
4220.0 3.075420e-16
4222.0 3.074430e-16
4224.0 3.073439e-16
4226.0 3.072445e-16
4228.0 3.071449e-16
4230.0 3.070452e-16
4232.0 3.069452e-16
4234.0 3.068451e-16
4236.0 3.067447e-16
4238.0 3.066442e-16
4240.0 3.065434e-16
4242.0 3.064425e-16
4244.0 3.063414e-16
4246.0 3.062400e-16
4248.0 3.061385e-16
4250.0 3.060368e-16
4252.0 3.059349e-16
4254.0 3.058328e-16
4256.0 3.057305e-16
4258.0 3.056280e-16
4260.0 3.055253e-16
4262.0 3.054224e-16
4264.0 3.053192e-16
4266.0 3.052157e-16
4268.0 3.051117e-16
4270.0 3.050071e-16
4272.0 3.049014e-16
4274.0 3.047940e-16
4276.0 3.046839e-16
4278.0 3.045694e-16
4280.0 3.044478e-16
4282.0 3.043150e-16
4284.0 3.041646e-16
4286.0 3.039875e-16
4288.0 3.037700e-16
4290.0 3.034934e-16
4292.0 3.031315e-16
4294.0 3.026495e-16
4296.0 3.020019e-16
4298.0 3.011311e-16
4300.0 2.999667e-16
4302.0 2.984254e-16
4304.0 2.964123e-16
4306.0 2.938240e-16
4308.0 2.905546e-16
4310.0 2.865026e-16
4312.0 2.815812e-16
4314.0 2.757298e-16
4316.0 2.689263e-16
4318.0 2.611997e-16
4320.0 2.526398e-16
4322.0 2.434044e-16
4324.0 2.337209e-16
4326.0 2.238810e-16
4328.0 2.142301e-16
4330.0 2.051480e-16
4332.0 1.970254e-16
4334.0 1.902359e-16
4336.0 1.851076e-16
4338.0 1.818962e-16
4340.0 1.807636e-16
4342.0 1.817638e-16
4344.0 1.848382e-16
4346.0 1.898207e-16
4348.0 1.964523e-16
4350.0 2.044023e-16
4352.0 2.132960e-16
4354.0 2.227426e-16
4356.0 2.323631e-16
4358.0 2.418143e-16
4360.0 2.508066e-16
4362.0 2.591156e-16
4364.0 2.665864e-16
4366.0 2.731318e-16
4368.0 2.787251e-16
4370.0 2.833902e-16
4372.0 2.871890e-16
4374.0 2.902093e-16
4376.0 2.925526e-16
4378.0 2.943253e-16
4380.0 2.956302e-16
4382.0 2.965618e-16
4384.0 2.972030e-16
4386.0 2.976238e-16
4388.0 2.978810e-16
4390.0 2.980197e-16
4392.0 2.980745e-16
4394.0 2.980710e-16
4396.0 2.980279e-16
4398.0 2.979584e-16
4400.0 2.978719e-16
4402.0 2.977743e-16
4404.0 2.976698e-16
4406.0 2.975610e-16
4408.0 2.974496e-16
4410.0 2.973366e-16
4412.0 2.972226e-16
4414.0 2.971080e-16
4416.0 2.969930e-16
4418.0 2.968777e-16
4420.0 2.967622e-16
4422.0 2.966465e-16
4424.0 2.965307e-16
4426.0 2.964147e-16
4428.0 2.962986e-16
4430.0 2.961824e-16
4432.0 2.960660e-16
4434.0 2.959495e-16
4436.0 2.958328e-16
4438.0 2.957160e-16
4440.0 2.955991e-16
4442.0 2.954821e-16
4444.0 2.953649e-16
4446.0 2.952476e-16
4448.0 2.951302e-16
4450.0 2.950126e-16
4452.0 2.948949e-16
4454.0 2.947771e-16
4456.0 2.946592e-16
4458.0 2.945411e-16
4460.0 2.944229e-16
4462.0 2.943046e-16
4464.0 2.941862e-16
4466.0 2.940676e-16
4468.0 2.939489e-16
4470.0 2.938301e-16
4472.0 2.937112e-16
4474.0 2.935921e-16
4476.0 2.934729e-16
4478.0 2.933536e-16
4480.0 2.932342e-16
4482.0 2.931147e-16
4484.0 2.929950e-16
4486.0 2.928753e-16
4488.0 2.927554e-16
4490.0 2.926354e-16
4492.0 2.925153e-16
4494.0 2.923950e-16
4496.0 2.922747e-16
4498.0 2.921542e-16
4500.0 2.920336e-16
4502.0 2.919129e-16
4504.0 2.917921e-16
4506.0 2.916712e-16
4508.0 2.915502e-16
4510.0 2.914290e-16
4512.0 2.913077e-16
4514.0 2.911864e-16
4516.0 2.910649e-16
4518.0 2.909433e-16
4520.0 2.908216e-16
4522.0 2.906998e-16
4524.0 2.905779e-16
4526.0 2.904559e-16
4528.0 2.903338e-16
4530.0 2.902115e-16
4532.0 2.900892e-16
4534.0 2.899667e-16
4536.0 2.898442e-16
4538.0 2.897215e-16
4540.0 2.895988e-16
4542.0 2.894759e-16
4544.0 2.893530e-16
4546.0 2.892299e-16
4548.0 2.891067e-16
4550.0 2.889835e-16
4552.0 2.888601e-16
4554.0 2.887366e-16
4556.0 2.886131e-16
4558.0 2.884894e-16
4560.0 2.883656e-16
4562.0 2.882418e-16
4564.0 2.881178e-16
4566.0 2.879937e-16
4568.0 2.878696e-16
4570.0 2.877453e-16
4572.0 2.876210e-16
4574.0 2.874965e-16
4576.0 2.873720e-16
4578.0 2.872474e-16
4580.0 2.871226e-16
4582.0 2.869978e-16
4584.0 2.868729e-16
4586.0 2.867479e-16
4588.0 2.866228e-16
4590.0 2.864976e-16
4592.0 2.863723e-16
4594.0 2.862470e-16
4596.0 2.861215e-16
4598.0 2.859960e-16
4600.0 2.858703e-16
4602.0 2.857446e-16
4604.0 2.856188e-16
4606.0 2.854929e-16
4608.0 2.853669e-16
4610.0 2.852408e-16
4612.0 2.851147e-16
4614.0 2.849884e-16
4616.0 2.848621e-16
4618.0 2.847357e-16
4620.0 2.846092e-16
4622.0 2.844826e-16
4624.0 2.843559e-16
4626.0 2.842292e-16
4628.0 2.841023e-16
4630.0 2.839754e-16
4632.0 2.838484e-16
4634.0 2.837214e-16
4636.0 2.835942e-16
4638.0 2.834670e-16
4640.0 2.833396e-16
4642.0 2.832122e-16
4644.0 2.830848e-16
4646.0 2.829572e-16
4648.0 2.828296e-16
4650.0 2.827019e-16
4652.0 2.825741e-16
4654.0 2.824462e-16
4656.0 2.823183e-16
4658.0 2.821903e-16
4660.0 2.820622e-16
4662.0 2.819341e-16
4664.0 2.818058e-16
4666.0 2.816775e-16
4668.0 2.815491e-16
4670.0 2.814207e-16
4672.0 2.812921e-16
4674.0 2.811635e-16
4676.0 2.810349e-16
4678.0 2.809061e-16
4680.0 2.807773e-16
4682.0 2.806484e-16
4684.0 2.805195e-16
4686.0 2.803905e-16
4688.0 2.802614e-16
4690.0 2.801322e-16
4692.0 2.800030e-16
4694.0 2.798737e-16
4696.0 2.797443e-16
4698.0 2.796149e-16
4700.0 2.794854e-16
4702.0 2.793559e-16
4704.0 2.792262e-16
4706.0 2.790965e-16
4708.0 2.789668e-16
4710.0 2.788370e-16
4712.0 2.787071e-16
4714.0 2.785771e-16
4716.0 2.784471e-16
4718.0 2.783171e-16
4720.0 2.781869e-16
4722.0 2.780567e-16
4724.0 2.779265e-16
4726.0 2.777961e-16
4728.0 2.776658e-16
4730.0 2.775353e-16
4732.0 2.774048e-16
4734.0 2.772743e-16
4736.0 2.771437e-16
4738.0 2.770130e-16
4740.0 2.768822e-16
4742.0 2.767515e-16
4744.0 2.766206e-16
4746.0 2.764897e-16
4748.0 2.763587e-16
4750.0 2.762277e-16
4752.0 2.760967e-16
4754.0 2.759655e-16
4756.0 2.758343e-16
4758.0 2.757031e-16
4760.0 2.755718e-16
4762.0 2.754404e-16
4764.0 2.753090e-16
4766.0 2.751775e-16
4768.0 2.750459e-16
4770.0 2.749142e-16
4772.0 2.747823e-16
4774.0 2.746502e-16
4776.0 2.745178e-16
4778.0 2.743848e-16
4780.0 2.742511e-16
4782.0 2.741160e-16
4784.0 2.739791e-16
4786.0 2.738393e-16
4788.0 2.736952e-16
4790.0 2.735447e-16
4792.0 2.733848e-16
4794.0 2.732114e-16
4796.0 2.730186e-16
4798.0 2.727987e-16
4800.0 2.725413e-16
4802.0 2.722326e-16
4804.0 2.718551e-16
4806.0 2.713866e-16
4808.0 2.707993e-16
4810.0 2.700599e-16
4812.0 2.691286e-16
4814.0 2.679593e-16
4816.0 2.664998e-16
4818.0 2.646931e-16
4820.0 2.624784e-16
4822.0 2.597939e-16
4824.0 2.565797e-16
4826.0 2.527818e-16
4828.0 2.483562e-16
4830.0 2.432745e-16
4832.0 2.375284e-16
4834.0 2.311350e-16
4836.0 2.241404e-16
4838.0 2.166234e-16
4840.0 2.086966e-16
4842.0 2.005056e-16
4844.0 1.922265e-16
4846.0 1.840608e-16
4848.0 1.762272e-16
4850.0 1.689533e-16
4852.0 1.624634e-16
4854.0 1.569682e-16
4856.0 1.526524e-16
4858.0 1.496642e-16
4860.0 1.481073e-16
4862.0 1.480338e-16
4864.0 1.494414e-16
4866.0 1.522737e-16
4868.0 1.564234e-16
4870.0 1.617388e-16
4872.0 1.680327e-16
4874.0 1.750930e-16
4876.0 1.826945e-16
4878.0 1.906103e-16
4880.0 1.986223e-16
4882.0 2.065311e-16
4884.0 2.141629e-16
4886.0 2.213745e-16
4888.0 2.280561e-16
4890.0 2.341318e-16
4892.0 2.395576e-16
4894.0 2.443189e-16
4896.0 2.484257e-16
4898.0 2.519079e-16
4900.0 2.548104e-16
4902.0 2.571878e-16
4904.0 2.591005e-16
4906.0 2.606101e-16
4908.0 2.617773e-16
4910.0 2.626587e-16
4912.0 2.633061e-16
4914.0 2.637650e-16
4916.0 2.640747e-16
4918.0 2.642681e-16
4920.0 2.643725e-16
4922.0 2.644097e-16
4924.0 2.643968e-16
4926.0 2.643474e-16
4928.0 2.642717e-16
4930.0 2.641771e-16
4932.0 2.640695e-16
4934.0 2.639527e-16
4936.0 2.638298e-16
4938.0 2.637027e-16
4940.0 2.635729e-16
4942.0 2.634412e-16
4944.0 2.633084e-16
4946.0 2.631748e-16
4948.0 2.630407e-16
4950.0 2.629064e-16
4952.0 2.627718e-16
4954.0 2.626372e-16
4956.0 2.625024e-16
4958.0 2.623676e-16
4960.0 2.622327e-16
4962.0 2.620979e-16
4964.0 2.619629e-16
4966.0 2.618280e-16
4968.0 2.616931e-16
4970.0 2.615581e-16
4972.0 2.614231e-16
4974.0 2.612881e-16
4976.0 2.611531e-16
4978.0 2.610180e-16
4980.0 2.608830e-16
4982.0 2.607479e-16
4984.0 2.606128e-16
4986.0 2.604777e-16
4988.0 2.603426e-16
4990.0 2.602074e-16
4992.0 2.600723e-16
4994.0 2.599371e-16
4996.0 2.598019e-16
4998.0 2.596667e-16
5000.0 2.595315e-16
5002.0 2.593963e-16
5004.0 2.592611e-16
5006.0 2.591258e-16
5008.0 2.589906e-16
5010.0 2.588553e-16
5012.0 2.587200e-16
5014.0 2.585847e-16
5016.0 2.584494e-16
5018.0 2.583141e-16
5020.0 2.581788e-16
5022.0 2.580434e-16
5024.0 2.579081e-16
5026.0 2.577727e-16
5028.0 2.576373e-16
5030.0 2.575020e-16
5032.0 2.573666e-16
5034.0 2.572312e-16
5036.0 2.570958e-16
5038.0 2.569603e-16
5040.0 2.568249e-16
5042.0 2.566895e-16
5044.0 2.565540e-16
5046.0 2.564186e-16
5048.0 2.562831e-16
5050.0 2.561477e-16
5052.0 2.560122e-16
5054.0 2.558767e-16
5056.0 2.557413e-16
5058.0 2.556058e-16
5060.0 2.554703e-16
5062.0 2.553348e-16
5064.0 2.551993e-16
5066.0 2.550638e-16
5068.0 2.549283e-16
5070.0 2.547927e-16
5072.0 2.546572e-16
5074.0 2.545217e-16
5076.0 2.543862e-16
5078.0 2.542506e-16
5080.0 2.541151e-16
5082.0 2.539796e-16
5084.0 2.538440e-16
5086.0 2.537085e-16
5088.0 2.535730e-16
5090.0 2.534374e-16
5092.0 2.533019e-16
5094.0 2.531663e-16
5096.0 2.530308e-16
5098.0 2.528952e-16
5100.0 2.527597e-16
5102.0 2.526241e-16
5104.0 2.524886e-16
5106.0 2.523530e-16
5108.0 2.522175e-16
5110.0 2.520819e-16
5112.0 2.519464e-16
5114.0 2.518108e-16
5116.0 2.516753e-16
5118.0 2.515397e-16
5120.0 2.514042e-16
5122.0 2.512687e-16
5124.0 2.511331e-16
5126.0 2.509976e-16
5128.0 2.508621e-16
5130.0 2.507265e-16
5132.0 2.505910e-16
5134.0 2.504555e-16
5136.0 2.503200e-16
5138.0 2.501845e-16
5140.0 2.500490e-16
5142.0 2.499135e-16
5144.0 2.497780e-16
5146.0 2.496425e-16
5148.0 2.495070e-16
5150.0 2.493715e-16
5152.0 2.492360e-16
5154.0 2.491005e-16
5156.0 2.489651e-16
5158.0 2.488296e-16
5160.0 2.486942e-16
5162.0 2.485587e-16
5164.0 2.484233e-16
5166.0 2.482878e-16
5168.0 2.481524e-16
5170.0 2.480170e-16
5172.0 2.478816e-16
5174.0 2.477462e-16
5176.0 2.476108e-16
5178.0 2.474754e-16
5180.0 2.473400e-16
5182.0 2.472047e-16
5184.0 2.470693e-16
5186.0 2.469340e-16
5188.0 2.467986e-16
5190.0 2.466633e-16
5192.0 2.465280e-16
5194.0 2.463927e-16
5196.0 2.462574e-16
5198.0 2.461221e-16
5200.0 2.459868e-16
5202.0 2.458515e-16
5204.0 2.457163e-16
5206.0 2.455810e-16
5208.0 2.454458e-16
5210.0 2.453106e-16
5212.0 2.451754e-16
5214.0 2.450402e-16
5216.0 2.449050e-16
5218.0 2.447698e-16
5220.0 2.446347e-16
5222.0 2.444995e-16
5224.0 2.443644e-16
5226.0 2.442293e-16
5228.0 2.440942e-16
5230.0 2.439591e-16
5232.0 2.438240e-16
5234.0 2.436890e-16
5236.0 2.435539e-16
5238.0 2.434189e-16
5240.0 2.432839e-16
5242.0 2.431489e-16
5244.0 2.430139e-16
5246.0 2.428789e-16
5248.0 2.427440e-16
5250.0 2.426090e-16
5252.0 2.424741e-16
5254.0 2.423392e-16
5256.0 2.422043e-16
5258.0 2.420695e-16
5260.0 2.419346e-16
5262.0 2.417998e-16
5264.0 2.416649e-16
5266.0 2.415301e-16
5268.0 2.413954e-16
5270.0 2.412606e-16
5272.0 2.411258e-16
5274.0 2.409911e-16
5276.0 2.408564e-16
5278.0 2.407217e-16
5280.0 2.405870e-16
5282.0 2.404524e-16
5284.0 2.403177e-16
5286.0 2.401831e-16
5288.0 2.400485e-16
5290.0 2.399139e-16
5292.0 2.397794e-16
5294.0 2.396449e-16
5296.0 2.395103e-16
5298.0 2.393758e-16
5300.0 2.392414e-16
5302.0 2.391069e-16
5304.0 2.389725e-16
5306.0 2.388381e-16
5308.0 2.387037e-16
5310.0 2.385693e-16
5312.0 2.384350e-16
5314.0 2.383006e-16
5316.0 2.381663e-16
5318.0 2.380320e-16
5320.0 2.378978e-16
5322.0 2.377635e-16
5324.0 2.376293e-16
5326.0 2.374951e-16
5328.0 2.373610e-16
5330.0 2.372268e-16
5332.0 2.370927e-16
5334.0 2.369586e-16
5336.0 2.368245e-16
5338.0 2.366905e-16
5340.0 2.365565e-16
5342.0 2.364225e-16
5344.0 2.362885e-16
5346.0 2.361545e-16
5348.0 2.360206e-16
5350.0 2.358867e-16
5352.0 2.357528e-16
5354.0 2.356190e-16
5356.0 2.354851e-16
5358.0 2.353513e-16
5360.0 2.352176e-16
5362.0 2.350838e-16
5364.0 2.349501e-16
5366.0 2.348164e-16
5368.0 2.346827e-16
5370.0 2.345491e-16
5372.0 2.344155e-16
5374.0 2.342819e-16
5376.0 2.341483e-16
5378.0 2.340148e-16
5380.0 2.338813e-16
5382.0 2.337478e-16
5384.0 2.336143e-16
5386.0 2.334809e-16
5388.0 2.333475e-16
5390.0 2.332141e-16
5392.0 2.330808e-16
5394.0 2.329475e-16
5396.0 2.328142e-16
5398.0 2.326809e-16
5400.0 2.325477e-16
5402.0 2.324145e-16
5404.0 2.322813e-16
5406.0 2.321482e-16
5408.0 2.320151e-16
5410.0 2.318820e-16
5412.0 2.317490e-16
5414.0 2.316160e-16
5416.0 2.314830e-16
5418.0 2.313500e-16
5420.0 2.312171e-16
5422.0 2.310842e-16
5424.0 2.309513e-16
5426.0 2.308185e-16
5428.0 2.306857e-16
5430.0 2.305529e-16
5432.0 2.304202e-16
5434.0 2.302874e-16
5436.0 2.301548e-16
5438.0 2.300221e-16
5440.0 2.298895e-16
5442.0 2.297569e-16
5444.0 2.296244e-16
5446.0 2.294919e-16
5448.0 2.293594e-16
5450.0 2.292269e-16
5452.0 2.290945e-16
5454.0 2.289621e-16
5456.0 2.288297e-16
5458.0 2.286974e-16
5460.0 2.285651e-16
5462.0 2.284329e-16
5464.0 2.283007e-16
5466.0 2.281685e-16
5468.0 2.280363e-16
5470.0 2.279042e-16
5472.0 2.277721e-16
5474.0 2.276401e-16
5476.0 2.275080e-16
5478.0 2.273761e-16
5480.0 2.272441e-16
5482.0 2.271122e-16
5484.0 2.269803e-16
5486.0 2.268485e-16
5488.0 2.267167e-16
5490.0 2.265849e-16
5492.0 2.264532e-16
5494.0 2.263215e-16
5496.0 2.261898e-16
5498.0 2.260582e-16
5500.0 2.259266e-16
5502.0 2.257950e-16
5504.0 2.256635e-16
5506.0 2.255320e-16
5508.0 2.254005e-16
5510.0 2.252691e-16
5512.0 2.251378e-16
5514.0 2.250064e-16
5516.0 2.248751e-16
5518.0 2.247438e-16
5520.0 2.246126e-16
5522.0 2.244814e-16
5524.0 2.243503e-16
5526.0 2.242192e-16
5528.0 2.240881e-16
5530.0 2.239570e-16
5532.0 2.238260e-16
5534.0 2.236951e-16
5536.0 2.235641e-16
5538.0 2.234333e-16
5540.0 2.233024e-16
5542.0 2.231716e-16
5544.0 2.230408e-16
5546.0 2.229101e-16
5548.0 2.227794e-16
5550.0 2.226487e-16
5552.0 2.225181e-16
5554.0 2.223875e-16
5556.0 2.222570e-16
5558.0 2.221265e-16
5560.0 2.219960e-16
5562.0 2.218656e-16
5564.0 2.217352e-16
5566.0 2.216049e-16
5568.0 2.214746e-16
5570.0 2.213443e-16
5572.0 2.212141e-16
5574.0 2.210839e-16
5576.0 2.209538e-16
5578.0 2.208237e-16
5580.0 2.206937e-16
5582.0 2.205636e-16
5584.0 2.204337e-16
5586.0 2.203037e-16
5588.0 2.201738e-16
5590.0 2.200440e-16
5592.0 2.199142e-16
5594.0 2.197844e-16
5596.0 2.196547e-16
5598.0 2.195250e-16
5600.0 2.193953e-16
5602.0 2.192657e-16
5604.0 2.191362e-16
5606.0 2.190067e-16
5608.0 2.188772e-16
5610.0 2.187478e-16
5612.0 2.186184e-16
5614.0 2.184890e-16
5616.0 2.183597e-16
5618.0 2.182304e-16
5620.0 2.181012e-16
5622.0 2.179720e-16
5624.0 2.178429e-16
5626.0 2.177138e-16
5628.0 2.175848e-16
5630.0 2.174558e-16
5632.0 2.173268e-16
5634.0 2.171979e-16
5636.0 2.170690e-16
5638.0 2.169402e-16
5640.0 2.168114e-16
5642.0 2.166826e-16
5644.0 2.165539e-16
5646.0 2.164253e-16
5648.0 2.162967e-16
5650.0 2.161681e-16
5652.0 2.160396e-16
5654.0 2.159111e-16
5656.0 2.157827e-16
5658.0 2.156543e-16
5660.0 2.155260e-16
5662.0 2.153977e-16
5664.0 2.152694e-16
5666.0 2.151412e-16
5668.0 2.150130e-16
5670.0 2.148849e-16
5672.0 2.147568e-16
5674.0 2.146288e-16
5676.0 2.145008e-16
5678.0 2.143729e-16
5680.0 2.142450e-16
5682.0 2.141172e-16
5684.0 2.139894e-16
5686.0 2.138616e-16
5688.0 2.137339e-16
5690.0 2.136062e-16
5692.0 2.134786e-16
5694.0 2.133511e-16
5696.0 2.132235e-16
5698.0 2.130961e-16
5700.0 2.129686e-16
5702.0 2.128412e-16
5704.0 2.127139e-16
5706.0 2.125866e-16
5708.0 2.124594e-16
5710.0 2.123322e-16
5712.0 2.122050e-16
5714.0 2.120779e-16
5716.0 2.119509e-16
5718.0 2.118239e-16
5720.0 2.116969e-16
5722.0 2.115700e-16
5724.0 2.114431e-16
5726.0 2.113163e-16
5728.0 2.111896e-16
5730.0 2.110628e-16
5732.0 2.109362e-16
5734.0 2.108095e-16
5736.0 2.106830e-16
5738.0 2.105564e-16
5740.0 2.104300e-16
5742.0 2.103035e-16
5744.0 2.101771e-16
5746.0 2.100508e-16
5748.0 2.099245e-16
5750.0 2.097983e-16
5752.0 2.096721e-16
5754.0 2.095460e-16
5756.0 2.094199e-16
5758.0 2.092938e-16
5760.0 2.091678e-16
5762.0 2.090419e-16
5764.0 2.089160e-16
5766.0 2.087902e-16
5768.0 2.086644e-16
5770.0 2.085386e-16
5772.0 2.084129e-16
5774.0 2.082873e-16
5776.0 2.081617e-16
5778.0 2.080361e-16
5780.0 2.079106e-16
5782.0 2.077852e-16
5784.0 2.076598e-16
5786.0 2.075344e-16
5788.0 2.074091e-16
5790.0 2.072839e-16
5792.0 2.071587e-16
5794.0 2.070335e-16
5796.0 2.069084e-16
5798.0 2.067834e-16
5800.0 2.066584e-16
5802.0 2.065335e-16
5804.0 2.064086e-16
5806.0 2.062837e-16
5808.0 2.061589e-16
5810.0 2.060342e-16
5812.0 2.059095e-16
5814.0 2.057848e-16
5816.0 2.056603e-16
5818.0 2.055357e-16
5820.0 2.054112e-16
5822.0 2.052868e-16
5824.0 2.051624e-16
5826.0 2.050381e-16
5828.0 2.049138e-16
5830.0 2.047896e-16
5832.0 2.046654e-16
5834.0 2.045413e-16
5836.0 2.044172e-16
5838.0 2.042932e-16
5840.0 2.041692e-16
5842.0 2.040453e-16
5844.0 2.039214e-16
5846.0 2.037976e-16
5848.0 2.036738e-16
5850.0 2.035501e-16
5852.0 2.034264e-16
5854.0 2.033028e-16
5856.0 2.031793e-16
5858.0 2.030558e-16
5860.0 2.029323e-16
5862.0 2.028089e-16
5864.0 2.026856e-16
5866.0 2.025623e-16
5868.0 2.024390e-16
5870.0 2.023159e-16
5872.0 2.021927e-16
5874.0 2.020696e-16
5876.0 2.019466e-16
5878.0 2.018236e-16
5880.0 2.017007e-16
5882.0 2.015778e-16
5884.0 2.014550e-16
5886.0 2.013323e-16
5888.0 2.012096e-16
5890.0 2.010869e-16
5892.0 2.009643e-16
5894.0 2.008417e-16
5896.0 2.007192e-16
5898.0 2.005968e-16
5900.0 2.004744e-16
5902.0 2.003521e-16
5904.0 2.002298e-16
5906.0 2.001076e-16
5908.0 1.999854e-16
5910.0 1.998633e-16
5912.0 1.997412e-16
5914.0 1.996192e-16
5916.0 1.994972e-16
5918.0 1.993753e-16
5920.0 1.992535e-16
5922.0 1.991317e-16
5924.0 1.990099e-16
5926.0 1.988883e-16
5928.0 1.987666e-16
5930.0 1.986450e-16
5932.0 1.985235e-16
5934.0 1.984020e-16
5936.0 1.982806e-16
5938.0 1.981593e-16
5940.0 1.980380e-16
5942.0 1.979167e-16
5944.0 1.977955e-16
5946.0 1.976744e-16
5948.0 1.975533e-16
5950.0 1.974323e-16
5952.0 1.973113e-16
5954.0 1.971904e-16
5956.0 1.970695e-16
5958.0 1.969487e-16
5960.0 1.968279e-16
5962.0 1.967072e-16
5964.0 1.965866e-16
5966.0 1.964660e-16
5968.0 1.963454e-16
5970.0 1.962250e-16
5972.0 1.961045e-16
5974.0 1.959842e-16
5976.0 1.958638e-16
5978.0 1.957436e-16
5980.0 1.956234e-16
5982.0 1.955032e-16
5984.0 1.953831e-16
5986.0 1.952631e-16
5988.0 1.951431e-16
5990.0 1.950232e-16
5992.0 1.949033e-16
5994.0 1.947835e-16
5996.0 1.946638e-16
5998.0 1.945441e-16
6000.0 1.944244e-16
6002.0 1.943048e-16
6004.0 1.941853e-16
6006.0 1.940658e-16
6008.0 1.939464e-16
6010.0 1.938270e-16
6012.0 1.937077e-16
6014.0 1.935885e-16
6016.0 1.934693e-16
6018.0 1.933501e-16
6020.0 1.932311e-16
6022.0 1.931120e-16
6024.0 1.929931e-16
6026.0 1.928742e-16
6028.0 1.927553e-16
6030.0 1.926365e-16
6032.0 1.925178e-16
6034.0 1.923991e-16
6036.0 1.922804e-16
6038.0 1.921619e-16
6040.0 1.920433e-16
6042.0 1.919249e-16
6044.0 1.918065e-16
6046.0 1.916881e-16
6048.0 1.915698e-16
6050.0 1.914516e-16
6052.0 1.913334e-16
6054.0 1.912153e-16
6056.0 1.910973e-16
6058.0 1.909793e-16
6060.0 1.908613e-16
6062.0 1.907434e-16
6064.0 1.906256e-16
6066.0 1.905078e-16
6068.0 1.903901e-16
6070.0 1.902724e-16
6072.0 1.901548e-16
6074.0 1.900373e-16
6076.0 1.899198e-16
6078.0 1.898024e-16
6080.0 1.896850e-16
6082.0 1.895677e-16
6084.0 1.894504e-16
6086.0 1.893332e-16
6088.0 1.892161e-16
6090.0 1.890990e-16
6092.0 1.889820e-16
6094.0 1.888650e-16
6096.0 1.887481e-16
6098.0 1.886312e-16
6100.0 1.885145e-16
6102.0 1.883977e-16
6104.0 1.882810e-16
6106.0 1.881644e-16
6108.0 1.880478e-16
6110.0 1.879313e-16
6112.0 1.878149e-16
6114.0 1.876985e-16
6116.0 1.875822e-16
6118.0 1.874659e-16
6120.0 1.873497e-16
6122.0 1.872335e-16
6124.0 1.871174e-16
6126.0 1.870014e-16
6128.0 1.868854e-16
6130.0 1.867695e-16
6132.0 1.866536e-16
6134.0 1.865378e-16
6136.0 1.864221e-16
6138.0 1.863064e-16
6140.0 1.861907e-16
6142.0 1.860752e-16
6144.0 1.859596e-16
6146.0 1.858442e-16
6148.0 1.857288e-16
6150.0 1.856134e-16
6152.0 1.854982e-16
6154.0 1.853829e-16
6156.0 1.852678e-16
6158.0 1.851527e-16
6160.0 1.850376e-16
6162.0 1.849226e-16
6164.0 1.848077e-16
6166.0 1.846928e-16
6168.0 1.845780e-16
6170.0 1.844633e-16
6172.0 1.843486e-16
6174.0 1.842339e-16
6176.0 1.841194e-16
6178.0 1.840048e-16
6180.0 1.838904e-16
6182.0 1.837760e-16
6184.0 1.836616e-16
6186.0 1.835473e-16
6188.0 1.834331e-16
6190.0 1.833190e-16
6192.0 1.832049e-16
6194.0 1.830908e-16
6196.0 1.829768e-16
6198.0 1.828629e-16
6200.0 1.827490e-16
6202.0 1.826352e-16
6204.0 1.825215e-16
6206.0 1.824078e-16
6208.0 1.822941e-16
6210.0 1.821806e-16
6212.0 1.820670e-16
6214.0 1.819536e-16
6216.0 1.818402e-16
6218.0 1.817269e-16
6220.0 1.816136e-16
6222.0 1.815004e-16
6224.0 1.813872e-16
6226.0 1.812741e-16
6228.0 1.811611e-16
6230.0 1.810481e-16
6232.0 1.809352e-16
6234.0 1.808223e-16
6236.0 1.807095e-16
6238.0 1.805968e-16
6240.0 1.804841e-16
6242.0 1.803715e-16
6244.0 1.802589e-16
6246.0 1.801464e-16
6248.0 1.800339e-16
6250.0 1.799216e-16
6252.0 1.798092e-16
6254.0 1.796970e-16
6256.0 1.795848e-16
6258.0 1.794726e-16
6260.0 1.793605e-16
6262.0 1.792485e-16
6264.0 1.791365e-16
6266.0 1.790246e-16
6268.0 1.789128e-16
6270.0 1.788010e-16
6272.0 1.786892e-16
6274.0 1.785776e-16
6276.0 1.784660e-16
6278.0 1.783544e-16
6280.0 1.782429e-16
6282.0 1.781315e-16
6284.0 1.780201e-16
6286.0 1.779088e-16
6288.0 1.777976e-16
6290.0 1.776864e-16
6292.0 1.775752e-16
6294.0 1.774642e-16
6296.0 1.773532e-16
6298.0 1.772422e-16
6300.0 1.771313e-16
6302.0 1.770205e-16
6304.0 1.769097e-16
6306.0 1.767990e-16
6308.0 1.766884e-16
6310.0 1.765778e-16
6312.0 1.764672e-16
6314.0 1.763568e-16
6316.0 1.762464e-16
6318.0 1.761360e-16
6320.0 1.760257e-16
6322.0 1.759155e-16
6324.0 1.758053e-16
6326.0 1.756952e-16
6328.0 1.755851e-16
6330.0 1.754752e-16
6332.0 1.753652e-16
6334.0 1.752554e-16
6336.0 1.751455e-16
6338.0 1.750358e-16
6340.0 1.749261e-16
6342.0 1.748165e-16
6344.0 1.747069e-16
6346.0 1.745974e-16
6348.0 1.744879e-16
6350.0 1.743786e-16
6352.0 1.742692e-16
6354.0 1.741600e-16
6356.0 1.740507e-16
6358.0 1.739416e-16
6360.0 1.738325e-16
6362.0 1.737235e-16
6364.0 1.736145e-16
6366.0 1.735056e-16
6368.0 1.733968e-16
6370.0 1.732880e-16
6372.0 1.731793e-16
6374.0 1.730706e-16
6376.0 1.729620e-16
6378.0 1.728534e-16
6380.0 1.727449e-16
6382.0 1.726365e-16
6384.0 1.725282e-16
6386.0 1.724199e-16
6388.0 1.723116e-16
6390.0 1.722034e-16
6392.0 1.720953e-16
6394.0 1.719872e-16
6396.0 1.718792e-16
6398.0 1.717713e-16
6400.0 1.716634e-16
6402.0 1.715556e-16
6404.0 1.714478e-16
6406.0 1.713401e-16
6408.0 1.712325e-16
6410.0 1.711249e-16
6412.0 1.710174e-16
6414.0 1.709099e-16
6416.0 1.708025e-16
6418.0 1.706952e-16
6420.0 1.705879e-16
6422.0 1.704807e-16
6424.0 1.703735e-16
6426.0 1.702664e-16
6428.0 1.701594e-16
6430.0 1.700524e-16
6432.0 1.699454e-16
6434.0 1.698385e-16
6436.0 1.697317e-16
6438.0 1.696248e-16
6440.0 1.695180e-16
6442.0 1.694112e-16
6444.0 1.693044e-16
6446.0 1.691975e-16
6448.0 1.690904e-16
6450.0 1.689832e-16
6452.0 1.688757e-16
6454.0 1.687678e-16
6456.0 1.686593e-16
6458.0 1.685499e-16
6460.0 1.684394e-16
6462.0 1.683274e-16
6464.0 1.682133e-16
6466.0 1.680965e-16
6468.0 1.679760e-16
6470.0 1.678509e-16
6472.0 1.677197e-16
6474.0 1.675807e-16
6476.0 1.674318e-16
6478.0 1.672703e-16
6480.0 1.670933e-16
6482.0 1.668968e-16
6484.0 1.666763e-16
6486.0 1.664267e-16
6488.0 1.661417e-16
6490.0 1.658142e-16
6492.0 1.654360e-16
6494.0 1.649981e-16
6496.0 1.644901e-16
6498.0 1.639010e-16
6500.0 1.632185e-16
6502.0 1.624296e-16
6504.0 1.615209e-16
6506.0 1.604784e-16
6508.0 1.592880e-16
6510.0 1.579360e-16
6512.0 1.564095e-16
6514.0 1.546967e-16
6516.0 1.527878e-16
6518.0 1.506753e-16
6520.0 1.483546e-16
6522.0 1.458249e-16
6524.0 1.430893e-16
6526.0 1.401558e-16
6528.0 1.370373e-16
6530.0 1.337522e-16
6532.0 1.303242e-16
6534.0 1.267829e-16
6536.0 1.231629e-16
6538.0 1.195038e-16
6540.0 1.158496e-16
6542.0 1.122477e-16
6544.0 1.087481e-16
6546.0 1.054024e-16
6548.0 1.022621e-16
6550.0 9.937761e-17
6552.0 9.679675e-17
6554.0 9.456344e-17
6556.0 9.271637e-17
6558.0 9.128783e-17
6560.0 9.030273e-17
6562.0 8.977783e-17
6564.0 8.972119e-17
6566.0 9.013191e-17
6568.0 9.100020e-17
6570.0 9.230764e-17
6572.0 9.402780e-17
6574.0 9.612704e-17
6576.0 9.856554e-17
6578.0 1.012985e-16
6580.0 1.042775e-16
6582.0 1.074518e-16
6584.0 1.107697e-16
6586.0 1.141800e-16
6588.0 1.176329e-16
6590.0 1.210818e-16
6592.0 1.244835e-16
6594.0 1.277991e-16
6596.0 1.309952e-16
6598.0 1.340433e-16
6600.0 1.369207e-16
6602.0 1.396102e-16
6604.0 1.420997e-16
6606.0 1.443825e-16
6608.0 1.464560e-16
6610.0 1.483221e-16
6612.0 1.499858e-16
6614.0 1.514551e-16
6616.0 1.527403e-16
6618.0 1.538535e-16
6620.0 1.548078e-16
6622.0 1.556170e-16
6624.0 1.562951e-16
6626.0 1.568560e-16
6628.0 1.573132e-16
6630.0 1.576795e-16
6632.0 1.579670e-16
6634.0 1.581865e-16
6636.0 1.583481e-16
6638.0 1.584607e-16
6640.0 1.585324e-16
6642.0 1.585699e-16
6644.0 1.585793e-16
6646.0 1.585658e-16
6648.0 1.585336e-16
6650.0 1.584865e-16
6652.0 1.584274e-16
6654.0 1.583588e-16
6656.0 1.582829e-16
6658.0 1.582011e-16
6660.0 1.581149e-16
6662.0 1.580252e-16
6664.0 1.579330e-16
6666.0 1.578388e-16
6668.0 1.577432e-16
6670.0 1.576464e-16
6672.0 1.575489e-16
6674.0 1.574509e-16
6676.0 1.573525e-16
6678.0 1.572538e-16
6680.0 1.571549e-16
6682.0 1.570559e-16
6684.0 1.569569e-16
6686.0 1.568578e-16
6688.0 1.567587e-16
6690.0 1.566597e-16
6692.0 1.565606e-16
6694.0 1.564617e-16
6696.0 1.563627e-16
6698.0 1.562639e-16
6700.0 1.561650e-16
6702.0 1.560663e-16
6704.0 1.559676e-16
6706.0 1.558689e-16
6708.0 1.557703e-16
6710.0 1.556718e-16
6712.0 1.555733e-16
6714.0 1.554749e-16
6716.0 1.553765e-16
6718.0 1.552782e-16
6720.0 1.551800e-16
6722.0 1.550818e-16
6724.0 1.549837e-16
6726.0 1.548856e-16
6728.0 1.547876e-16
6730.0 1.546897e-16
6732.0 1.545918e-16
6734.0 1.544940e-16
6736.0 1.543962e-16
6738.0 1.542985e-16
6740.0 1.542009e-16
6742.0 1.541033e-16
6744.0 1.540057e-16
6746.0 1.539083e-16
6748.0 1.538109e-16
6750.0 1.537135e-16
6752.0 1.536162e-16
6754.0 1.535190e-16
6756.0 1.534218e-16
6758.0 1.533247e-16
6760.0 1.532277e-16
6762.0 1.531307e-16
6764.0 1.530338e-16
6766.0 1.529369e-16
6768.0 1.528401e-16
6770.0 1.527433e-16
6772.0 1.526467e-16
6774.0 1.525500e-16
6776.0 1.524534e-16
6778.0 1.523569e-16
6780.0 1.522605e-16
6782.0 1.521641e-16
6784.0 1.520677e-16
6786.0 1.519715e-16
6788.0 1.518753e-16
6790.0 1.517791e-16
6792.0 1.516830e-16
6794.0 1.515870e-16
6796.0 1.514910e-16
6798.0 1.513951e-16
6800.0 1.512992e-16
6802.0 1.512034e-16
6804.0 1.511077e-16
6806.0 1.510120e-16
6808.0 1.509163e-16
6810.0 1.508208e-16
6812.0 1.507253e-16
6814.0 1.506298e-16
6816.0 1.505344e-16
6818.0 1.504391e-16
6820.0 1.503438e-16
6822.0 1.502486e-16
6824.0 1.501535e-16
6826.0 1.500584e-16
6828.0 1.499633e-16
6830.0 1.498684e-16
6832.0 1.497734e-16
6834.0 1.496786e-16
6836.0 1.495838e-16
6838.0 1.494890e-16
6840.0 1.493944e-16
6842.0 1.492997e-16
6844.0 1.492052e-16
6846.0 1.491107e-16
6848.0 1.490162e-16
6850.0 1.489218e-16
6852.0 1.488275e-16
6854.0 1.487332e-16
6856.0 1.486390e-16
6858.0 1.485449e-16
6860.0 1.484508e-16
6862.0 1.483568e-16
6864.0 1.482628e-16
6866.0 1.481689e-16
6868.0 1.480750e-16
6870.0 1.479812e-16
6872.0 1.478875e-16
6874.0 1.477938e-16
6876.0 1.477002e-16
6878.0 1.476066e-16
6880.0 1.475131e-16
6882.0 1.474196e-16
6884.0 1.473262e-16
6886.0 1.472329e-16
6888.0 1.471396e-16
6890.0 1.470464e-16
6892.0 1.469533e-16
6894.0 1.468602e-16
6896.0 1.467671e-16
6898.0 1.466741e-16
6900.0 1.465812e-16
6902.0 1.464884e-16
6904.0 1.463956e-16
6906.0 1.463028e-16
6908.0 1.462101e-16
6910.0 1.461175e-16
6912.0 1.460249e-16
6914.0 1.459324e-16
6916.0 1.458399e-16
6918.0 1.457475e-16
6920.0 1.456552e-16
6922.0 1.455629e-16
6924.0 1.454707e-16
6926.0 1.453785e-16
6928.0 1.452864e-16
6930.0 1.451944e-16
6932.0 1.451024e-16
6934.0 1.450104e-16
6936.0 1.449186e-16
6938.0 1.448268e-16
6940.0 1.447350e-16
6942.0 1.446433e-16
6944.0 1.445516e-16
6946.0 1.444601e-16
6948.0 1.443685e-16
6950.0 1.442771e-16
6952.0 1.441857e-16
6954.0 1.440943e-16
6956.0 1.440030e-16
6958.0 1.439118e-16
6960.0 1.438206e-16
6962.0 1.437295e-16
6964.0 1.436384e-16
6966.0 1.435474e-16
6968.0 1.434564e-16
6970.0 1.433655e-16
6972.0 1.432747e-16
6974.0 1.431839e-16
6976.0 1.430932e-16
6978.0 1.430026e-16
6980.0 1.429120e-16
6982.0 1.428214e-16
6984.0 1.427309e-16
6986.0 1.426405e-16
6988.0 1.425501e-16
6990.0 1.424598e-16
6992.0 1.423695e-16
6994.0 1.422793e-16
6996.0 1.421892e-16
6998.0 1.420991e-16
7000.0 1.420091e-16
7002.0 1.419191e-16
7004.0 1.418292e-16
7006.0 1.417393e-16
7008.0 1.416495e-16
7010.0 1.415598e-16
7012.0 1.414701e-16
7014.0 1.413805e-16
7016.0 1.412909e-16
7018.0 1.412014e-16
7020.0 1.411119e-16
7022.0 1.410225e-16
7024.0 1.409332e-16
7026.0 1.408439e-16
7028.0 1.407547e-16
7030.0 1.406655e-16
7032.0 1.405764e-16
7034.0 1.404874e-16
7036.0 1.403984e-16
7038.0 1.403094e-16
7040.0 1.402205e-16
7042.0 1.401317e-16
7044.0 1.400429e-16
7046.0 1.399542e-16
7048.0 1.398656e-16
7050.0 1.397770e-16
7052.0 1.396884e-16
7054.0 1.395999e-16
7056.0 1.395115e-16
7058.0 1.394231e-16
7060.0 1.393348e-16
7062.0 1.392465e-16
7064.0 1.391583e-16
7066.0 1.390702e-16
7068.0 1.389821e-16
7070.0 1.388941e-16
7072.0 1.388061e-16
7074.0 1.387182e-16
7076.0 1.386303e-16
7078.0 1.385425e-16
7080.0 1.384548e-16
7082.0 1.383671e-16
7084.0 1.382794e-16
7086.0 1.381918e-16
7088.0 1.381043e-16
7090.0 1.380169e-16
7092.0 1.379294e-16
7094.0 1.378421e-16
7096.0 1.377548e-16
7098.0 1.376675e-16
7100.0 1.375804e-16
7102.0 1.374932e-16
7104.0 1.374062e-16
7106.0 1.373191e-16
7108.0 1.372322e-16
7110.0 1.371453e-16
7112.0 1.370584e-16
7114.0 1.369716e-16
7116.0 1.368849e-16
7118.0 1.367982e-16
7120.0 1.367116e-16
7122.0 1.366250e-16
7124.0 1.365385e-16
7126.0 1.364521e-16
7128.0 1.363657e-16
7130.0 1.362793e-16
7132.0 1.361930e-16
7134.0 1.361068e-16
7136.0 1.360206e-16
7138.0 1.359345e-16
7140.0 1.358484e-16
7142.0 1.357624e-16
7144.0 1.356765e-16
7146.0 1.355906e-16
7148.0 1.355047e-16
7150.0 1.354190e-16
7152.0 1.353332e-16
7154.0 1.352475e-16
7156.0 1.351619e-16
7158.0 1.350764e-16
7160.0 1.349909e-16
7162.0 1.349054e-16
7164.0 1.348200e-16
7166.0 1.347347e-16
7168.0 1.346494e-16
7170.0 1.345642e-16
7172.0 1.344790e-16
7174.0 1.343939e-16
7176.0 1.343088e-16
7178.0 1.342238e-16
7180.0 1.341388e-16
7182.0 1.340539e-16
7184.0 1.339691e-16
7186.0 1.338843e-16
7188.0 1.337996e-16
7190.0 1.337149e-16
7192.0 1.336303e-16
7194.0 1.335457e-16
7196.0 1.334612e-16
7198.0 1.333768e-16
7200.0 1.332924e-16
7202.0 1.332080e-16
7204.0 1.331237e-16
7206.0 1.330395e-16
7208.0 1.329553e-16
7210.0 1.328712e-16
7212.0 1.327871e-16
7214.0 1.327031e-16
7216.0 1.326192e-16
7218.0 1.325353e-16
7220.0 1.324514e-16
7222.0 1.323676e-16
7224.0 1.322839e-16
7226.0 1.322002e-16
7228.0 1.321166e-16
7230.0 1.320330e-16
7232.0 1.319495e-16
7234.0 1.318660e-16
7236.0 1.317826e-16
7238.0 1.316992e-16
7240.0 1.316159e-16
7242.0 1.315327e-16
7244.0 1.314495e-16
7246.0 1.313663e-16
7248.0 1.312833e-16
7250.0 1.312002e-16
7252.0 1.311173e-16
7254.0 1.310343e-16
7256.0 1.309515e-16
7258.0 1.308687e-16
7260.0 1.307859e-16
7262.0 1.307032e-16
7264.0 1.306206e-16
7266.0 1.305380e-16
7268.0 1.304554e-16
7270.0 1.303729e-16
7272.0 1.302905e-16
7274.0 1.302081e-16
7276.0 1.301258e-16
7278.0 1.300435e-16
7280.0 1.299613e-16
7282.0 1.298792e-16
7284.0 1.297971e-16
7286.0 1.297150e-16
7288.0 1.296330e-16
7290.0 1.295511e-16
7292.0 1.294692e-16
7294.0 1.293874e-16
7296.0 1.293056e-16
7298.0 1.292238e-16
7300.0 1.291422e-16
7302.0 1.290605e-16
7304.0 1.289790e-16
7306.0 1.288975e-16
7308.0 1.288160e-16
7310.0 1.287346e-16
7312.0 1.286533e-16
7314.0 1.285720e-16
7316.0 1.284907e-16
7318.0 1.284095e-16
7320.0 1.283284e-16
7322.0 1.282473e-16
7324.0 1.281663e-16
7326.0 1.280853e-16
7328.0 1.280044e-16
7330.0 1.279235e-16
7332.0 1.278427e-16
7334.0 1.277619e-16
7336.0 1.276812e-16
7338.0 1.276006e-16
7340.0 1.275200e-16
7342.0 1.274394e-16
7344.0 1.273589e-16
7346.0 1.272785e-16
7348.0 1.271981e-16
7350.0 1.271178e-16
7352.0 1.270375e-16
7354.0 1.269573e-16
7356.0 1.268771e-16
7358.0 1.267970e-16
7360.0 1.267169e-16
7362.0 1.266369e-16
7364.0 1.265569e-16
7366.0 1.264770e-16
7368.0 1.263972e-16
7370.0 1.263174e-16
7372.0 1.262376e-16
7374.0 1.261579e-16
7376.0 1.260783e-16
7378.0 1.259987e-16
7380.0 1.259191e-16
7382.0 1.258396e-16
7384.0 1.257602e-16
7386.0 1.256808e-16
7388.0 1.256015e-16
7390.0 1.255222e-16
7392.0 1.254430e-16
7394.0 1.253638e-16
7396.0 1.252847e-16
7398.0 1.252057e-16
7400.0 1.251266e-16
7402.0 1.250477e-16
7404.0 1.249688e-16
7406.0 1.248899e-16
7408.0 1.248111e-16
7410.0 1.247324e-16
7412.0 1.246537e-16
7414.0 1.245750e-16
7416.0 1.244964e-16
7418.0 1.244179e-16
7420.0 1.243394e-16
7422.0 1.242610e-16
7424.0 1.241826e-16
7426.0 1.241043e-16
7428.0 1.240260e-16
7430.0 1.239478e-16
7432.0 1.238696e-16
7434.0 1.237915e-16
7436.0 1.237134e-16
7438.0 1.236354e-16
7440.0 1.235574e-16
7442.0 1.234795e-16
7444.0 1.234016e-16
7446.0 1.233238e-16
7448.0 1.232461e-16
7450.0 1.231684e-16
7452.0 1.230907e-16
7454.0 1.230131e-16
7456.0 1.229356e-16
7458.0 1.228581e-16
7460.0 1.227806e-16
7462.0 1.227032e-16
7464.0 1.226259e-16
7466.0 1.225486e-16
7468.0 1.224713e-16
7470.0 1.223942e-16
7472.0 1.223170e-16
7474.0 1.222399e-16
7476.0 1.221629e-16
7478.0 1.220859e-16
7480.0 1.220090e-16
7482.0 1.219321e-16
7484.0 1.218553e-16
7486.0 1.217785e-16
7488.0 1.217018e-16
7490.0 1.216251e-16
7492.0 1.215485e-16
7494.0 1.214719e-16
7496.0 1.213954e-16
7498.0 1.213189e-16
7500.0 1.212425e-16
7502.0 1.211662e-16
7504.0 1.210898e-16
7506.0 1.210136e-16
7508.0 1.209374e-16
7510.0 1.208612e-16
7512.0 1.207851e-16
7514.0 1.207090e-16
7516.0 1.206330e-16
7518.0 1.205571e-16
7520.0 1.204812e-16
7522.0 1.204053e-16
7524.0 1.203295e-16
7526.0 1.202538e-16
7528.0 1.201781e-16
7530.0 1.201024e-16
7532.0 1.200268e-16
7534.0 1.199513e-16
7536.0 1.198758e-16
7538.0 1.198003e-16
7540.0 1.197249e-16
7542.0 1.196496e-16
7544.0 1.195743e-16
7546.0 1.194990e-16
7548.0 1.194238e-16
7550.0 1.193487e-16
7552.0 1.192736e-16
7554.0 1.191986e-16
7556.0 1.191236e-16
7558.0 1.190486e-16
7560.0 1.189737e-16
7562.0 1.188989e-16
7564.0 1.188241e-16
7566.0 1.187494e-16
7568.0 1.186747e-16
7570.0 1.186000e-16
7572.0 1.185254e-16
7574.0 1.184509e-16
7576.0 1.183764e-16
7578.0 1.183020e-16
7580.0 1.182276e-16
7582.0 1.181532e-16
7584.0 1.180790e-16
7586.0 1.180047e-16
7588.0 1.179305e-16
7590.0 1.178564e-16
7592.0 1.177823e-16
7594.0 1.177083e-16
7596.0 1.176343e-16
7598.0 1.175603e-16
7600.0 1.174864e-16
7602.0 1.174126e-16
7604.0 1.173388e-16
7606.0 1.172651e-16
7608.0 1.171914e-16
7610.0 1.171178e-16
7612.0 1.170442e-16
7614.0 1.169706e-16
7616.0 1.168971e-16
7618.0 1.168237e-16
7620.0 1.167503e-16
7622.0 1.166770e-16
7624.0 1.166037e-16
7626.0 1.165304e-16
7628.0 1.164572e-16
7630.0 1.163841e-16
7632.0 1.163110e-16
7634.0 1.162379e-16
7636.0 1.161649e-16
7638.0 1.160920e-16
7640.0 1.160191e-16
7642.0 1.159463e-16
7644.0 1.158735e-16
7646.0 1.158007e-16
7648.0 1.157280e-16
7650.0 1.156554e-16
7652.0 1.155827e-16
7654.0 1.155102e-16
7656.0 1.154377e-16
7658.0 1.153652e-16
7660.0 1.152928e-16
7662.0 1.152205e-16
7664.0 1.151482e-16
7666.0 1.150759e-16
7668.0 1.150037e-16
7670.0 1.149315e-16
7672.0 1.148594e-16
7674.0 1.147874e-16
7676.0 1.147153e-16
7678.0 1.146434e-16
7680.0 1.145715e-16
7682.0 1.144996e-16
7684.0 1.144278e-16
7686.0 1.143560e-16
7688.0 1.142843e-16
7690.0 1.142126e-16
7692.0 1.141410e-16
7694.0 1.140694e-16
7696.0 1.139979e-16
7698.0 1.139264e-16
7700.0 1.138550e-16
7702.0 1.137836e-16
7704.0 1.137123e-16
7706.0 1.136410e-16
7708.0 1.135697e-16
7710.0 1.134985e-16
7712.0 1.134274e-16
7714.0 1.133563e-16
7716.0 1.132853e-16
7718.0 1.132143e-16
7720.0 1.131433e-16
7722.0 1.130724e-16
7724.0 1.130016e-16
7726.0 1.129308e-16
7728.0 1.128600e-16
7730.0 1.127893e-16
7732.0 1.127186e-16
7734.0 1.126480e-16
7736.0 1.125775e-16
7738.0 1.125069e-16
7740.0 1.124365e-16
7742.0 1.123661e-16
7744.0 1.122957e-16
7746.0 1.122254e-16
7748.0 1.121551e-16
7750.0 1.120849e-16
7752.0 1.120147e-16
7754.0 1.119445e-16
7756.0 1.118745e-16
7758.0 1.118044e-16
7760.0 1.117344e-16
7762.0 1.116645e-16
7764.0 1.115946e-16
7766.0 1.115247e-16
7768.0 1.114549e-16
7770.0 1.113852e-16
7772.0 1.113155e-16
7774.0 1.112458e-16
7776.0 1.111762e-16
7778.0 1.111067e-16
7780.0 1.110371e-16
7782.0 1.109677e-16
7784.0 1.108983e-16
7786.0 1.108289e-16
7788.0 1.107596e-16
7790.0 1.106903e-16
7792.0 1.106210e-16
7794.0 1.105519e-16
7796.0 1.104827e-16
7798.0 1.104136e-16
7800.0 1.103446e-16
7802.0 1.102756e-16
7804.0 1.102066e-16
7806.0 1.101377e-16
7808.0 1.100689e-16
7810.0 1.100001e-16
7812.0 1.099313e-16
7814.0 1.098626e-16
7816.0 1.097939e-16
7818.0 1.097253e-16
7820.0 1.096567e-16
7822.0 1.095882e-16
7824.0 1.095197e-16
7826.0 1.094513e-16
7828.0 1.093829e-16
7830.0 1.093146e-16
7832.0 1.092463e-16
7834.0 1.091780e-16
7836.0 1.091098e-16
7838.0 1.090417e-16
7840.0 1.089736e-16
7842.0 1.089055e-16
7844.0 1.088375e-16
7846.0 1.087695e-16
7848.0 1.087016e-16
7850.0 1.086337e-16
7852.0 1.085659e-16
7854.0 1.084981e-16
7856.0 1.084304e-16
7858.0 1.083627e-16
7860.0 1.082950e-16
7862.0 1.082274e-16
7864.0 1.081599e-16
7866.0 1.080924e-16
7868.0 1.080249e-16
7870.0 1.079575e-16
7872.0 1.078901e-16
7874.0 1.078228e-16
7876.0 1.077555e-16
7878.0 1.076883e-16
7880.0 1.076211e-16
7882.0 1.075540e-16
7884.0 1.074869e-16
7886.0 1.074198e-16
7888.0 1.073528e-16
7890.0 1.072859e-16
7892.0 1.072190e-16
7894.0 1.071521e-16
7896.0 1.070853e-16
7898.0 1.070185e-16
7900.0 1.069518e-16
7902.0 1.068851e-16
7904.0 1.068185e-16
7906.0 1.067519e-16
7908.0 1.066854e-16
7910.0 1.066189e-16
7912.0 1.065524e-16
7914.0 1.064860e-16
7916.0 1.064196e-16
7918.0 1.063533e-16
7920.0 1.062871e-16
7922.0 1.062208e-16
7924.0 1.061546e-16
7926.0 1.060885e-16
7928.0 1.060224e-16
7930.0 1.059564e-16
7932.0 1.058904e-16
7934.0 1.058244e-16
7936.0 1.057585e-16
7938.0 1.056926e-16
7940.0 1.056268e-16
7942.0 1.055611e-16
7944.0 1.054953e-16
7946.0 1.054296e-16
7948.0 1.053640e-16
7950.0 1.052984e-16
7952.0 1.052329e-16
7954.0 1.051674e-16
7956.0 1.051019e-16
7958.0 1.050365e-16
7960.0 1.049711e-16
7962.0 1.049058e-16
7964.0 1.048405e-16
7966.0 1.047753e-16
7968.0 1.047101e-16
7970.0 1.046449e-16
7972.0 1.045798e-16
7974.0 1.045148e-16
7976.0 1.044498e-16
7978.0 1.043848e-16
7980.0 1.043199e-16
7982.0 1.042550e-16
7984.0 1.041902e-16
7986.0 1.041254e-16
7988.0 1.040606e-16
7990.0 1.039959e-16
7992.0 1.039313e-16
7994.0 1.038667e-16
7996.0 1.038021e-16
7998.0 1.037376e-16
8000.0 1.036731e-16
8002.0 1.036087e-16
8004.0 1.035443e-16
8006.0 1.034799e-16
8008.0 1.034156e-16
8010.0 1.033514e-16
8012.0 1.032872e-16
8014.0 1.032230e-16
8016.0 1.031589e-16
8018.0 1.030948e-16
8020.0 1.030307e-16
8022.0 1.029667e-16
8024.0 1.029028e-16
8026.0 1.028389e-16
8028.0 1.027750e-16
8030.0 1.027112e-16
8032.0 1.026474e-16
8034.0 1.025837e-16
8036.0 1.025200e-16
8038.0 1.024564e-16
8040.0 1.023928e-16
8042.0 1.023292e-16
8044.0 1.022657e-16
8046.0 1.022022e-16
8048.0 1.021388e-16
8050.0 1.020754e-16
8052.0 1.020121e-16
8054.0 1.019488e-16
8056.0 1.018855e-16
8058.0 1.018223e-16
8060.0 1.017592e-16
8062.0 1.016961e-16
8064.0 1.016330e-16
8066.0 1.015699e-16
8068.0 1.015070e-16
8070.0 1.014440e-16
8072.0 1.013811e-16
8074.0 1.013182e-16
8076.0 1.012554e-16
8078.0 1.011926e-16
8080.0 1.011299e-16
8082.0 1.010672e-16
8084.0 1.010046e-16
8086.0 1.009420e-16
8088.0 1.008794e-16
8090.0 1.008169e-16
8092.0 1.007544e-16
8094.0 1.006920e-16
8096.0 1.006296e-16
8098.0 1.005673e-16
8100.0 1.005050e-16
8102.0 1.004427e-16
8104.0 1.003805e-16
8106.0 1.003183e-16
8108.0 1.002562e-16
8110.0 1.001941e-16
8112.0 1.001321e-16
8114.0 1.000701e-16
8116.0 1.000081e-16
8118.0 9.994618e-17
8120.0 9.988430e-17
8122.0 9.982247e-17
8124.0 9.976068e-17
8126.0 9.969893e-17
8128.0 9.963723e-17
8130.0 9.957557e-17
8132.0 9.951395e-17
8134.0 9.945237e-17
8136.0 9.939084e-17
8138.0 9.932935e-17
8140.0 9.926790e-17
8142.0 9.920649e-17
8144.0 9.914512e-17
8146.0 9.908380e-17
8148.0 9.902252e-17
8150.0 9.896128e-17
8152.0 9.890008e-17
8154.0 9.883893e-17
8156.0 9.877782e-17
8158.0 9.871675e-17
8160.0 9.865572e-17
8162.0 9.859473e-17
8164.0 9.853379e-17
8166.0 9.847288e-17
8168.0 9.841202e-17
8170.0 9.835120e-17
8172.0 9.829043e-17
8174.0 9.822969e-17
8176.0 9.816900e-17
8178.0 9.810835e-17
8180.0 9.804774e-17
8182.0 9.798717e-17
8184.0 9.792665e-17
8186.0 9.786616e-17
8188.0 9.780572e-17
8190.0 9.774532e-17
8192.0 9.768496e-17
8194.0 9.762464e-17
8196.0 9.756436e-17
8198.0 9.750413e-17
8200.0 9.744394e-17
8202.0 9.738378e-17
8204.0 9.732367e-17
8206.0 9.726361e-17
8208.0 9.720358e-17
8210.0 9.714359e-17
8212.0 9.708365e-17
8214.0 9.702374e-17
8216.0 9.696388e-17
8218.0 9.690406e-17
8220.0 9.684428e-17
8222.0 9.678454e-17
8224.0 9.672484e-17
8226.0 9.666519e-17
8228.0 9.660557e-17
8230.0 9.654600e-17
8232.0 9.648647e-17
8234.0 9.642697e-17
8236.0 9.636752e-17
8238.0 9.630811e-17
8240.0 9.624874e-17
8242.0 9.618942e-17
8244.0 9.613013e-17
8246.0 9.607088e-17
8248.0 9.601168e-17
8250.0 9.595251e-17
8252.0 9.589339e-17
8254.0 9.583430e-17
8256.0 9.577526e-17
8258.0 9.571626e-17
8260.0 9.565730e-17
8262.0 9.559838e-17
8264.0 9.553950e-17
8266.0 9.548066e-17
8268.0 9.542186e-17
8270.0 9.536310e-17
8272.0 9.530439e-17
8274.0 9.524571e-17
8276.0 9.518707e-17
8278.0 9.512848e-17
8280.0 9.506992e-17
8282.0 9.501140e-17
8284.0 9.495293e-17
8286.0 9.489449e-17
8288.0 9.483610e-17
8290.0 9.477775e-17
8292.0 9.471943e-17
8294.0 9.466116e-17
8296.0 9.460293e-17
8298.0 9.454473e-17
8300.0 9.448658e-17
8302.0 9.442847e-17
8304.0 9.437039e-17
8306.0 9.431236e-17
8308.0 9.425437e-17
8310.0 9.419641e-17
8312.0 9.413850e-17
8314.0 9.408063e-17
8316.0 9.402280e-17
8318.0 9.396500e-17
8320.0 9.390725e-17
8322.0 9.384954e-17
8324.0 9.379186e-17
8326.0 9.373423e-17
8328.0 9.367663e-17
8330.0 9.361908e-17
8332.0 9.356157e-17
8334.0 9.350409e-17
8336.0 9.344666e-17
8338.0 9.338926e-17
8340.0 9.333190e-17
8342.0 9.327459e-17
8344.0 9.321731e-17
8346.0 9.316007e-17
8348.0 9.310288e-17
8350.0 9.304572e-17
8352.0 9.298860e-17
8354.0 9.293152e-17
8356.0 9.287448e-17
8358.0 9.281748e-17
8360.0 9.276052e-17
8362.0 9.270360e-17
8364.0 9.264671e-17
8366.0 9.258987e-17
8368.0 9.253307e-17
8370.0 9.247630e-17
8372.0 9.241958e-17
8374.0 9.236289e-17
8376.0 9.230624e-17
8378.0 9.224963e-17
8380.0 9.219306e-17
8382.0 9.213653e-17
8384.0 9.208004e-17
8386.0 9.202359e-17
8388.0 9.196718e-17
8390.0 9.191080e-17
8392.0 9.185447e-17
8394.0 9.179817e-17
8396.0 9.174191e-17
8398.0 9.168569e-17
8400.0 9.162951e-17
8402.0 9.157337e-17
8404.0 9.151727e-17
8406.0 9.146121e-17
8408.0 9.140518e-17
8410.0 9.134919e-17
8412.0 9.129325e-17
8414.0 9.123734e-17
8416.0 9.118147e-17
8418.0 9.112564e-17
8420.0 9.106984e-17
8422.0 9.101409e-17
8424.0 9.095837e-17
8426.0 9.090269e-17
8428.0 9.084705e-17
8430.0 9.079145e-17
8432.0 9.073589e-17
8434.0 9.068037e-17
8436.0 9.062488e-17
8438.0 9.056943e-17
8440.0 9.051402e-17
8442.0 9.045865e-17
8444.0 9.040332e-17
8446.0 9.034803e-17
8448.0 9.029277e-17
8450.0 9.023755e-17
8452.0 9.018237e-17
8454.0 9.012723e-17
8456.0 9.007212e-17
8458.0 9.001706e-17
8460.0 8.996203e-17
8462.0 8.990704e-17
8464.0 8.985209e-17
8466.0 8.979718e-17
8468.0 8.974230e-17
8470.0 8.968746e-17
8472.0 8.963266e-17
8474.0 8.957790e-17
8476.0 8.952317e-17
8478.0 8.946849e-17
8480.0 8.941384e-17
8482.0 8.935923e-17
8484.0 8.930465e-17
8486.0 8.925012e-17
8488.0 8.919561e-17
8490.0 8.914114e-17
8492.0 8.908669e-17
8494.0 8.903222e-17
8496.0 8.897766e-17
8498.0 8.892286e-17
8500.0 8.886745e-17
8502.0 8.881072e-17
8504.0 8.875124e-17
8506.0 8.868642e-17
8508.0 8.861163e-17
8510.0 8.851920e-17
8512.0 8.839702e-17
8514.0 8.822720e-17
8516.0 8.798493e-17
8518.0 8.763845e-17
8520.0 8.715060e-17
8522.0 8.648288e-17
8524.0 8.560224e-17
8526.0 8.449021e-17
8528.0 8.315303e-17
8530.0 8.163032e-17
8532.0 7.999938e-17
8534.0 7.837251e-17
8536.0 7.688600e-17
8538.0 7.568161e-17
8540.0 7.488379e-17
8542.0 7.457757e-17
8544.0 7.479257e-17
8546.0 7.549734e-17
8548.0 7.660536e-17
8550.0 7.799132e-17
8552.0 7.951330e-17
8554.0 8.103550e-17
8556.0 8.244656e-17
8558.0 8.367033e-17
8560.0 8.466830e-17
8562.0 8.543514e-17
8564.0 8.598989e-17
8566.0 8.636590e-17
8568.0 8.660173e-17
8570.0 8.673440e-17
8572.0 8.679550e-17
8574.0 8.680958e-17
8576.0 8.679437e-17
8578.0 8.676181e-17
8580.0 8.671946e-17
8582.0 8.667186e-17
8584.0 8.662158e-17
8586.0 8.657001e-17
8588.0 8.651784e-17
8590.0 8.646543e-17
8592.0 8.641294e-17
8594.0 8.636043e-17
8596.0 8.630794e-17
8598.0 8.625547e-17
8600.0 8.620305e-17
8602.0 8.615065e-17
8604.0 8.609830e-17
8606.0 8.604597e-17
8608.0 8.599369e-17
8610.0 8.594143e-17
8612.0 8.588919e-17
8614.0 8.583695e-17
8616.0 8.578465e-17
8618.0 8.573216e-17
8620.0 8.567922e-17
8622.0 8.562526e-17
8624.0 8.556919e-17
8626.0 8.550901e-17
8628.0 8.544114e-17
8630.0 8.535968e-17
8632.0 8.525528e-17
8634.0 8.511413e-17
8636.0 8.491711e-17
8638.0 8.463972e-17
8640.0 8.425329e-17
8642.0 8.372814e-17
8644.0 8.303875e-17
8646.0 8.217089e-17
8648.0 8.112937e-17
8650.0 7.994474e-17
8652.0 7.867663e-17
8654.0 7.741167e-17
8656.0 7.625497e-17
8658.0 7.531588e-17
8660.0 7.469039e-17
8662.0 7.444410e-17
8664.0 7.459986e-17
8666.0 7.513340e-17
8668.0 7.597801e-17
8670.0 7.703702e-17
8672.0 7.820096e-17
8674.0 7.936509e-17
8676.0 8.044350e-17
8678.0 8.137745e-17
8680.0 8.213725e-17
8682.0 8.271877e-17
8684.0 8.313670e-17
8686.0 8.341677e-17
8688.0 8.358872e-17
8690.0 8.368110e-17
8692.0 8.371827e-17
8694.0 8.371919e-17
8696.0 8.369751e-17
8698.0 8.366246e-17
8700.0 8.361987e-17
8702.0 8.357323e-17
8704.0 8.352454e-17
8706.0 8.347485e-17
8708.0 8.342471e-17
8710.0 8.337439e-17
8712.0 8.332401e-17
8714.0 8.327363e-17
8716.0 8.322327e-17
8718.0 8.317293e-17
8720.0 8.312263e-17
8722.0 8.307237e-17
8724.0 8.302214e-17
8726.0 8.297194e-17
8728.0 8.292178e-17
8730.0 8.287165e-17
8732.0 8.282156e-17
8734.0 8.277150e-17
8736.0 8.272147e-17
8738.0 8.267148e-17
8740.0 8.262153e-17
8742.0 8.257161e-17
8744.0 8.252172e-17
8746.0 8.247187e-17
8748.0 8.242205e-17
8750.0 8.237227e-17
8752.0 8.232252e-17
8754.0 8.227281e-17
8756.0 8.222313e-17
8758.0 8.217348e-17
8760.0 8.212387e-17
8762.0 8.207430e-17
8764.0 8.202475e-17
8766.0 8.197524e-17
8768.0 8.192577e-17
8770.0 8.187633e-17
8772.0 8.182692e-17
8774.0 8.177755e-17
8776.0 8.172821e-17
8778.0 8.167891e-17
8780.0 8.162964e-17
8782.0 8.158040e-17
8784.0 8.153120e-17
8786.0 8.148203e-17
8788.0 8.143290e-17
8790.0 8.138380e-17
8792.0 8.133473e-17
8794.0 8.128570e-17
8796.0 8.123670e-17
8798.0 8.118774e-17
8800.0 8.113881e-17
8802.0 8.108991e-17
8804.0 8.104105e-17
8806.0 8.099222e-17
8808.0 8.094342e-17
8810.0 8.089466e-17
8812.0 8.084593e-17
8814.0 8.079723e-17
8816.0 8.074857e-17
8818.0 8.069994e-17
8820.0 8.065135e-17
8822.0 8.060279e-17
8824.0 8.055426e-17
8826.0 8.050577e-17
8828.0 8.045731e-17
8830.0 8.040888e-17
8832.0 8.036049e-17
8834.0 8.031213e-17
8836.0 8.026380e-17
8838.0 8.021551e-17
8840.0 8.016725e-17
8842.0 8.011902e-17
8844.0 8.007082e-17
8846.0 8.002266e-17
8848.0 7.997454e-17
8850.0 7.992644e-17
8852.0 7.987838e-17
8854.0 7.983035e-17
8856.0 7.978236e-17
8858.0 7.973440e-17
8860.0 7.968647e-17
8862.0 7.963857e-17
8864.0 7.959071e-17
8866.0 7.954288e-17
8868.0 7.949509e-17
8870.0 7.944732e-17
8872.0 7.939959e-17
8874.0 7.935189e-17
8876.0 7.930423e-17
8878.0 7.925660e-17
8880.0 7.920900e-17
8882.0 7.916143e-17
8884.0 7.911390e-17
8886.0 7.906640e-17
8888.0 7.901893e-17
8890.0 7.897149e-17
8892.0 7.892409e-17
8894.0 7.887672e-17
8896.0 7.882938e-17
8898.0 7.878208e-17
8900.0 7.873481e-17
8902.0 7.868757e-17
8904.0 7.864036e-17
8906.0 7.859319e-17
8908.0 7.854605e-17
8910.0 7.849894e-17
8912.0 7.845186e-17
8914.0 7.840481e-17
8916.0 7.835780e-17
8918.0 7.831082e-17
8920.0 7.826388e-17
8922.0 7.821696e-17
8924.0 7.817008e-17
8926.0 7.812323e-17
8928.0 7.807641e-17
8930.0 7.802962e-17
8932.0 7.798287e-17
8934.0 7.793615e-17
8936.0 7.788946e-17
8938.0 7.784280e-17
8940.0 7.779618e-17
8942.0 7.774959e-17
8944.0 7.770303e-17
8946.0 7.765650e-17
8948.0 7.761000e-17
8950.0 7.756354e-17
8952.0 7.751710e-17
8954.0 7.747070e-17
8956.0 7.742434e-17
8958.0 7.737800e-17
8960.0 7.733169e-17
8962.0 7.728542e-17
8964.0 7.723918e-17
8966.0 7.719297e-17
8968.0 7.714679e-17
8970.0 7.710065e-17
8972.0 7.705454e-17
8974.0 7.700845e-17
8976.0 7.696240e-17
8978.0 7.691639e-17
8980.0 7.687040e-17
8982.0 7.682444e-17
8984.0 7.677852e-17
8986.0 7.673263e-17
8988.0 7.668677e-17
8990.0 7.664094e-17
8992.0 7.659514e-17
8994.0 7.654938e-17
8996.0 7.650364e-17
8998.0 7.645794e-17
9000.0 7.641227e-17
9002.0 7.636663e-17
9004.0 7.632102e-17
9006.0 7.627544e-17
9008.0 7.622990e-17
9010.0 7.618438e-17
9012.0 7.613890e-17
9014.0 7.609345e-17
9016.0 7.604803e-17
9018.0 7.600264e-17
9020.0 7.595728e-17
9022.0 7.591196e-17
9024.0 7.586666e-17
9026.0 7.582140e-17
9028.0 7.577616e-17
9030.0 7.573096e-17
9032.0 7.568579e-17
9034.0 7.564065e-17
9036.0 7.559554e-17
9038.0 7.555047e-17
9040.0 7.550542e-17
9042.0 7.546040e-17
9044.0 7.541542e-17
9046.0 7.537046e-17
9048.0 7.532554e-17
9050.0 7.528065e-17
9052.0 7.523579e-17
9054.0 7.519096e-17
9056.0 7.514616e-17
9058.0 7.510139e-17
9060.0 7.505665e-17
9062.0 7.501195e-17
9064.0 7.496727e-17
9066.0 7.492262e-17
9068.0 7.487801e-17
9070.0 7.483342e-17
9072.0 7.478887e-17
9074.0 7.474435e-17
9076.0 7.469986e-17
9078.0 7.465539e-17
9080.0 7.461096e-17
9082.0 7.456656e-17
9084.0 7.452219e-17
9086.0 7.447785e-17
9088.0 7.443354e-17
9090.0 7.438927e-17
9092.0 7.434502e-17
9094.0 7.430080e-17
9096.0 7.425661e-17
9098.0 7.421246e-17
9100.0 7.416833e-17
9102.0 7.412423e-17
9104.0 7.408017e-17
9106.0 7.403613e-17
9108.0 7.399213e-17
9110.0 7.394815e-17
9112.0 7.390421e-17
9114.0 7.386029e-17
9116.0 7.381641e-17
9118.0 7.377255e-17
9120.0 7.372873e-17
9122.0 7.368493e-17
9124.0 7.364117e-17
9126.0 7.359743e-17
9128.0 7.355373e-17
9130.0 7.351006e-17
9132.0 7.346641e-17
9134.0 7.342280e-17
9136.0 7.337921e-17
9138.0 7.333566e-17
9140.0 7.329214e-17
9142.0 7.324864e-17
9144.0 7.320518e-17
9146.0 7.316174e-17
9148.0 7.311834e-17
9150.0 7.307496e-17
9152.0 7.303162e-17
9154.0 7.298830e-17
9156.0 7.294502e-17
9158.0 7.290176e-17
9160.0 7.285853e-17
9162.0 7.281534e-17
9164.0 7.277217e-17
9166.0 7.272903e-17
9168.0 7.268592e-17
9170.0 7.264285e-17
9172.0 7.259980e-17
9174.0 7.255678e-17
9176.0 7.251379e-17
9178.0 7.247083e-17
9180.0 7.242790e-17
9182.0 7.238500e-17
9184.0 7.234213e-17
9186.0 7.229928e-17
9188.0 7.225647e-17
9190.0 7.221369e-17
9192.0 7.217093e-17
9194.0 7.212821e-17
9196.0 7.208551e-17
9198.0 7.204285e-17
9200.0 7.200021e-17
9202.0 7.195760e-17
9204.0 7.191502e-17
9206.0 7.187247e-17
9208.0 7.182995e-17
9210.0 7.178746e-17
9212.0 7.174500e-17
9214.0 7.170257e-17
9216.0 7.166017e-17
9218.0 7.161779e-17
9220.0 7.157545e-17
9222.0 7.153313e-17
9224.0 7.149084e-17
9226.0 7.144858e-17
9228.0 7.140635e-17
9230.0 7.136415e-17
9232.0 7.132198e-17
9234.0 7.127984e-17
9236.0 7.123773e-17
9238.0 7.119564e-17
9240.0 7.115359e-17
9242.0 7.111156e-17
9244.0 7.106956e-17
9246.0 7.102759e-17
9248.0 7.098565e-17
9250.0 7.094374e-17
9252.0 7.090185e-17
9254.0 7.086000e-17
9256.0 7.081817e-17
9258.0 7.077638e-17
9260.0 7.073461e-17
9262.0 7.069287e-17
9264.0 7.065116e-17
9266.0 7.060947e-17
9268.0 7.056782e-17
9270.0 7.052619e-17
9272.0 7.048460e-17
9274.0 7.044303e-17
9276.0 7.040149e-17
9278.0 7.035998e-17
9280.0 7.031849e-17
9282.0 7.027704e-17
9284.0 7.023561e-17
9286.0 7.019421e-17
9288.0 7.015284e-17
9290.0 7.011150e-17
9292.0 7.007019e-17
9294.0 7.002890e-17
9296.0 6.998765e-17
9298.0 6.994642e-17
9300.0 6.990522e-17
9302.0 6.986405e-17
9304.0 6.982290e-17
9306.0 6.978179e-17
9308.0 6.974070e-17
9310.0 6.969964e-17
9312.0 6.965861e-17
9314.0 6.961761e-17
9316.0 6.957663e-17
9318.0 6.953568e-17
9320.0 6.949476e-17
9322.0 6.945387e-17
9324.0 6.941301e-17
9326.0 6.937217e-17
9328.0 6.933137e-17
9330.0 6.929059e-17
9332.0 6.924984e-17
9334.0 6.920911e-17
9336.0 6.916842e-17
9338.0 6.912775e-17
9340.0 6.908711e-17
9342.0 6.904650e-17
9344.0 6.900591e-17
9346.0 6.896536e-17
9348.0 6.892483e-17
9350.0 6.888433e-17
9352.0 6.884385e-17
9354.0 6.880341e-17
9356.0 6.876299e-17
9358.0 6.872260e-17
9360.0 6.868224e-17
9362.0 6.864190e-17
9364.0 6.860159e-17
9366.0 6.856131e-17
9368.0 6.852106e-17
9370.0 6.848083e-17
9372.0 6.844064e-17
9374.0 6.840047e-17
9376.0 6.836032e-17
9378.0 6.832021e-17
9380.0 6.828012e-17
9382.0 6.824006e-17
9384.0 6.820003e-17
9386.0 6.816002e-17
9388.0 6.812004e-17
9390.0 6.808009e-17
9392.0 6.804017e-17
9394.0 6.800027e-17
9396.0 6.796040e-17
9398.0 6.792056e-17
9400.0 6.788075e-17
9402.0 6.784096e-17
9404.0 6.780120e-17
9406.0 6.776146e-17
9408.0 6.772176e-17
9410.0 6.768208e-17
9412.0 6.764243e-17
9414.0 6.760280e-17
9416.0 6.756320e-17
9418.0 6.752363e-17
9420.0 6.748409e-17
9422.0 6.744457e-17
9424.0 6.740508e-17
9426.0 6.736562e-17
9428.0 6.732618e-17
9430.0 6.728677e-17
9432.0 6.724739e-17
9434.0 6.720804e-17
9436.0 6.716871e-17
9438.0 6.712941e-17
9440.0 6.709013e-17
9442.0 6.705088e-17
9444.0 6.701166e-17
9446.0 6.697247e-17
9448.0 6.693330e-17
9450.0 6.689416e-17
9452.0 6.685505e-17
9454.0 6.681596e-17
9456.0 6.677690e-17
9458.0 6.673786e-17
9460.0 6.669886e-17
9462.0 6.665988e-17
9464.0 6.662092e-17
9466.0 6.658199e-17
9468.0 6.654309e-17
9470.0 6.650422e-17
9472.0 6.646537e-17
9474.0 6.642655e-17
9476.0 6.638775e-17
9478.0 6.634898e-17
9480.0 6.631024e-17
9482.0 6.627152e-17
9484.0 6.623283e-17
9486.0 6.619417e-17
9488.0 6.615553e-17
9490.0 6.611692e-17
9492.0 6.607834e-17
9494.0 6.603978e-17
9496.0 6.600125e-17
9498.0 6.596274e-17
9500.0 6.592427e-17
9502.0 6.588581e-17
9504.0 6.584739e-17
9506.0 6.580899e-17
9508.0 6.577061e-17
9510.0 6.573226e-17
9512.0 6.569394e-17
9514.0 6.565564e-17
9516.0 6.561737e-17
9518.0 6.557913e-17
9520.0 6.554091e-17
9522.0 6.550272e-17
9524.0 6.546455e-17
9526.0 6.542641e-17
9528.0 6.538830e-17
9530.0 6.535021e-17
9532.0 6.531215e-17
9534.0 6.527411e-17
9536.0 6.523610e-17
9538.0 6.519812e-17
9540.0 6.516016e-17
9542.0 6.512223e-17
9544.0 6.508432e-17
9546.0 6.504644e-17
9548.0 6.500859e-17
9550.0 6.497076e-17
9552.0 6.493295e-17
9554.0 6.489517e-17
9556.0 6.485742e-17
9558.0 6.481970e-17
9560.0 6.478199e-17
9562.0 6.474432e-17
9564.0 6.470667e-17
9566.0 6.466905e-17
9568.0 6.463145e-17
9570.0 6.459387e-17
9572.0 6.455633e-17
9574.0 6.451881e-17
9576.0 6.448131e-17
9578.0 6.444384e-17
9580.0 6.440639e-17
9582.0 6.436897e-17
9584.0 6.433158e-17
9586.0 6.429421e-17
9588.0 6.425687e-17
9590.0 6.421955e-17
9592.0 6.418225e-17
9594.0 6.414499e-17
9596.0 6.410775e-17
9598.0 6.407053e-17
9600.0 6.403334e-17
9602.0 6.399617e-17
9604.0 6.395903e-17
9606.0 6.392191e-17
9608.0 6.388482e-17
9610.0 6.384776e-17
9612.0 6.381072e-17
9614.0 6.377370e-17
9616.0 6.373671e-17
9618.0 6.369975e-17
9620.0 6.366281e-17
9622.0 6.362589e-17
9624.0 6.358900e-17
9626.0 6.355214e-17
9628.0 6.351530e-17
9630.0 6.347849e-17
9632.0 6.344170e-17
9634.0 6.340493e-17
9636.0 6.336819e-17
9638.0 6.333148e-17
9640.0 6.329479e-17
9642.0 6.325812e-17
9644.0 6.322148e-17
9646.0 6.318487e-17
9648.0 6.314828e-17
9650.0 6.311171e-17
9652.0 6.307517e-17
9654.0 6.303866e-17
9656.0 6.300217e-17
9658.0 6.296570e-17
9660.0 6.292926e-17
9662.0 6.289284e-17
9664.0 6.285645e-17
9666.0 6.282008e-17
9668.0 6.278374e-17
9670.0 6.274742e-17
9672.0 6.271113e-17
9674.0 6.267486e-17
9676.0 6.263862e-17
9678.0 6.260240e-17
9680.0 6.256620e-17
9682.0 6.253003e-17
9684.0 6.249389e-17
9686.0 6.245776e-17
9688.0 6.242167e-17
9690.0 6.238559e-17
9692.0 6.234955e-17
9694.0 6.231352e-17
9696.0 6.227752e-17
9698.0 6.224155e-17
9700.0 6.220560e-17
9702.0 6.216967e-17
9704.0 6.213377e-17
9706.0 6.209789e-17
9708.0 6.206204e-17
9710.0 6.202621e-17
9712.0 6.199041e-17
9714.0 6.195463e-17
9716.0 6.191887e-17
9718.0 6.188314e-17
9720.0 6.184743e-17
9722.0 6.181175e-17
9724.0 6.177609e-17
9726.0 6.174045e-17
9728.0 6.170484e-17
9730.0 6.166926e-17
9732.0 6.163369e-17
9734.0 6.159815e-17
9736.0 6.156264e-17
9738.0 6.152715e-17
9740.0 6.149168e-17
9742.0 6.145624e-17
9744.0 6.142082e-17
9746.0 6.138543e-17
9748.0 6.135006e-17
9750.0 6.131471e-17
9752.0 6.127939e-17
9754.0 6.124409e-17
9756.0 6.120881e-17
9758.0 6.117356e-17
9760.0 6.113834e-17
9762.0 6.110313e-17
9764.0 6.106795e-17
9766.0 6.103280e-17
9768.0 6.099766e-17
9770.0 6.096256e-17
9772.0 6.092747e-17
9774.0 6.089241e-17
9776.0 6.085737e-17
9778.0 6.082236e-17
9780.0 6.078737e-17
9782.0 6.075240e-17
9784.0 6.071746e-17
9786.0 6.068254e-17
9788.0 6.064765e-17
9790.0 6.061278e-17
9792.0 6.057793e-17
9794.0 6.054310e-17
9796.0 6.050830e-17
9798.0 6.047352e-17
9800.0 6.043877e-17
9802.0 6.040404e-17
9804.0 6.036933e-17
9806.0 6.033465e-17
9808.0 6.029999e-17
9810.0 6.026535e-17
9812.0 6.023074e-17
9814.0 6.019615e-17
9816.0 6.016158e-17
9818.0 6.012704e-17
9820.0 6.009252e-17
9822.0 6.005802e-17
9824.0 6.002355e-17
9826.0 5.998910e-17
9828.0 5.995467e-17
9830.0 5.992027e-17
9832.0 5.988589e-17
9834.0 5.985153e-17
9836.0 5.981720e-17
9838.0 5.978289e-17
9840.0 5.974860e-17
9842.0 5.971433e-17
9844.0 5.968009e-17
9846.0 5.964587e-17
9848.0 5.961168e-17
9850.0 5.957751e-17
9852.0 5.954336e-17
9854.0 5.950923e-17
9856.0 5.947513e-17
9858.0 5.944105e-17
9860.0 5.940699e-17
9862.0 5.937296e-17
9864.0 5.933895e-17
9866.0 5.930496e-17
9868.0 5.927099e-17
9870.0 5.923705e-17
9872.0 5.920313e-17
9874.0 5.916923e-17
9876.0 5.913536e-17
9878.0 5.910151e-17
9880.0 5.906768e-17
9882.0 5.903388e-17
9884.0 5.900009e-17
9886.0 5.896633e-17
9888.0 5.893260e-17
9890.0 5.889888e-17
9892.0 5.886519e-17
9894.0 5.883152e-17
9896.0 5.879788e-17
9898.0 5.876425e-17
9900.0 5.873065e-17
9902.0 5.869707e-17
9904.0 5.866352e-17
9906.0 5.862999e-17
9908.0 5.859647e-17
9910.0 5.856299e-17
9912.0 5.852952e-17
9914.0 5.849608e-17
9916.0 5.846266e-17
9918.0 5.842926e-17
9920.0 5.839589e-17
9922.0 5.836253e-17
9924.0 5.832920e-17
9926.0 5.829589e-17
9928.0 5.826261e-17
9930.0 5.822935e-17
9932.0 5.819610e-17
9934.0 5.816289e-17
9936.0 5.812969e-17
9938.0 5.809652e-17
9940.0 5.806336e-17
9942.0 5.803024e-17
9944.0 5.799713e-17
9946.0 5.796404e-17
9948.0 5.793098e-17
9950.0 5.789794e-17
9952.0 5.786492e-17
9954.0 5.783193e-17
9956.0 5.779895e-17
9958.0 5.776600e-17
9960.0 5.773307e-17
9962.0 5.770017e-17
9964.0 5.766728e-17
9966.0 5.763442e-17
9968.0 5.760158e-17
9970.0 5.756876e-17
9972.0 5.753596e-17
9974.0 5.750319e-17
9976.0 5.747044e-17
9978.0 5.743771e-17
9980.0 5.740500e-17
9982.0 5.737231e-17
9984.0 5.733965e-17
9986.0 5.730700e-17
9988.0 5.727438e-17
9990.0 5.724178e-17
9992.0 5.720921e-17
9994.0 5.717665e-17
9996.0 5.714412e-17
9998.0 5.711161e-17
10000.0 5.707912e-17
10002.0 5.704665e-17
10004.0 5.701421e-17
10006.0 5.698178e-17
10008.0 5.694938e-17
10010.0 5.691700e-17
10012.0 5.688464e-17
10014.0 5.685230e-17
10016.0 5.681999e-17
10018.0 5.678769e-17
10020.0 5.675542e-17
10022.0 5.672317e-17
10024.0 5.669094e-17
10026.0 5.665873e-17
10028.0 5.662655e-17
10030.0 5.659438e-17
10032.0 5.656224e-17
10034.0 5.653012e-17
10036.0 5.649802e-17
10038.0 5.646594e-17
10040.0 5.643389e-17
10042.0 5.640185e-17
10044.0 5.636984e-17
10046.0 5.633785e-17
10048.0 5.630588e-17
10050.0 5.627393e-17
10052.0 5.624200e-17
10054.0 5.621009e-17
10056.0 5.617821e-17
10058.0 5.614635e-17
10060.0 5.611450e-17
10062.0 5.608268e-17
10064.0 5.605088e-17
10066.0 5.601911e-17
10068.0 5.598735e-17
10070.0 5.595561e-17
10072.0 5.592390e-17
10074.0 5.589221e-17
10076.0 5.586053e-17
10078.0 5.582888e-17
10080.0 5.579725e-17
10082.0 5.576565e-17
10084.0 5.573406e-17
10086.0 5.570249e-17
10088.0 5.567095e-17
10090.0 5.563942e-17
10092.0 5.560792e-17
10094.0 5.557644e-17
10096.0 5.554498e-17
10098.0 5.551354e-17
10100.0 5.548212e-17
10102.0 5.545072e-17
10104.0 5.541935e-17
10106.0 5.538799e-17
10108.0 5.535666e-17
10110.0 5.532535e-17
10112.0 5.529405e-17
10114.0 5.526278e-17
10116.0 5.523153e-17
10118.0 5.520030e-17
10120.0 5.516909e-17
10122.0 5.513790e-17
10124.0 5.510674e-17
10126.0 5.507559e-17
10128.0 5.504447e-17
10130.0 5.501336e-17
10132.0 5.498228e-17
10134.0 5.495121e-17
10136.0 5.492017e-17
10138.0 5.488915e-17
10140.0 5.485815e-17
10142.0 5.482717e-17
10144.0 5.479621e-17
10146.0 5.476527e-17
10148.0 5.473435e-17
10150.0 5.470346e-17
10152.0 5.467258e-17
10154.0 5.464172e-17
10156.0 5.461089e-17
10158.0 5.458007e-17
10160.0 5.454928e-17
10162.0 5.451850e-17
10164.0 5.448775e-17
10166.0 5.445702e-17
10168.0 5.442631e-17
10170.0 5.439561e-17
10172.0 5.436494e-17
10174.0 5.433429e-17
10176.0 5.430366e-17
10178.0 5.427305e-17
10180.0 5.424246e-17
10182.0 5.421189e-17
10184.0 5.418134e-17
10186.0 5.415082e-17
10188.0 5.412031e-17
10190.0 5.408982e-17
10192.0 5.405935e-17
10194.0 5.402891e-17
10196.0 5.399848e-17
10198.0 5.396807e-17
10200.0 5.393769e-17
10202.0 5.390732e-17
10204.0 5.387698e-17
10206.0 5.384665e-17
10208.0 5.381635e-17
10210.0 5.378606e-17
10212.0 5.375580e-17
10214.0 5.372555e-17
10216.0 5.369533e-17
10218.0 5.366512e-17
10220.0 5.363494e-17
10222.0 5.360478e-17
10224.0 5.357463e-17
10226.0 5.354451e-17
10228.0 5.351440e-17
10230.0 5.348432e-17
10232.0 5.345426e-17
10234.0 5.342421e-17
10236.0 5.339419e-17
10238.0 5.336419e-17
10240.0 5.333420e-17
10242.0 5.330424e-17
10244.0 5.327430e-17
10246.0 5.324437e-17
10248.0 5.321447e-17
10250.0 5.318458e-17
10252.0 5.315472e-17
10254.0 5.312488e-17
10256.0 5.309505e-17
10258.0 5.306525e-17
10260.0 5.303546e-17
10262.0 5.300570e-17
10264.0 5.297595e-17
10266.0 5.294623e-17
10268.0 5.291652e-17
10270.0 5.288684e-17
10272.0 5.285717e-17
10274.0 5.282752e-17
10276.0 5.279790e-17
10278.0 5.276829e-17
10280.0 5.273870e-17
10282.0 5.270914e-17
10284.0 5.267959e-17
10286.0 5.265006e-17
10288.0 5.262055e-17
10290.0 5.259106e-17
10292.0 5.256159e-17
10294.0 5.253214e-17
10296.0 5.250271e-17
10298.0 5.247330e-17
10300.0 5.244391e-17
10302.0 5.241454e-17
10304.0 5.238519e-17
10306.0 5.235586e-17
10308.0 5.232654e-17
10310.0 5.229725e-17
10312.0 5.226797e-17
10314.0 5.223872e-17
10316.0 5.220948e-17
10318.0 5.218027e-17
10320.0 5.215107e-17
10322.0 5.212190e-17
10324.0 5.209274e-17
10326.0 5.206360e-17
10328.0 5.203448e-17
10330.0 5.200538e-17
10332.0 5.197630e-17
10334.0 5.194724e-17
10336.0 5.191820e-17
10338.0 5.188918e-17
10340.0 5.186017e-17
10342.0 5.183119e-17
10344.0 5.180222e-17
10346.0 5.177328e-17
10348.0 5.174435e-17
10350.0 5.171544e-17
10352.0 5.168656e-17
10354.0 5.165769e-17
10356.0 5.162884e-17
10358.0 5.160001e-17
10360.0 5.157120e-17
10362.0 5.154240e-17
10364.0 5.151363e-17
10366.0 5.148488e-17
10368.0 5.145614e-17
10370.0 5.142743e-17
10372.0 5.139873e-17
10374.0 5.137005e-17
10376.0 5.134139e-17
10378.0 5.131275e-17
10380.0 5.128413e-17
10382.0 5.125553e-17
10384.0 5.122694e-17
10386.0 5.119838e-17
10388.0 5.116984e-17
10390.0 5.114131e-17
10392.0 5.111280e-17
10394.0 5.108431e-17
10396.0 5.105584e-17
10398.0 5.102739e-17
10400.0 5.099896e-17
10402.0 5.097055e-17
10404.0 5.094215e-17
10406.0 5.091378e-17
10408.0 5.088542e-17
10410.0 5.085708e-17
10412.0 5.082876e-17
10414.0 5.080046e-17
10416.0 5.077218e-17
10418.0 5.074392e-17
10420.0 5.071567e-17
10422.0 5.068745e-17
10424.0 5.065924e-17
10426.0 5.063105e-17
10428.0 5.060288e-17
10430.0 5.057473e-17
10432.0 5.054660e-17
10434.0 5.051848e-17
10436.0 5.049039e-17
10438.0 5.046231e-17
10440.0 5.043425e-17
10442.0 5.040621e-17
10444.0 5.037819e-17
10446.0 5.035019e-17
10448.0 5.032220e-17
10450.0 5.029424e-17
10452.0 5.026629e-17
10454.0 5.023836e-17
10456.0 5.021045e-17
10458.0 5.018256e-17
10460.0 5.015469e-17
10462.0 5.012683e-17
10464.0 5.009900e-17
10466.0 5.007118e-17
10468.0 5.004338e-17
10470.0 5.001560e-17
10472.0 4.998783e-17
10474.0 4.996009e-17
10476.0 4.993236e-17
10478.0 4.990465e-17
10480.0 4.987696e-17
10482.0 4.984929e-17
10484.0 4.982164e-17
10486.0 4.979400e-17
10488.0 4.976639e-17
10490.0 4.973879e-17
10492.0 4.971121e-17
10494.0 4.968364e-17
10496.0 4.965610e-17
10498.0 4.962857e-17
10500.0 4.960107e-17
10502.0 4.957358e-17
10504.0 4.954610e-17
10506.0 4.951865e-17
10508.0 4.949122e-17
10510.0 4.946380e-17
10512.0 4.943640e-17
10514.0 4.940902e-17
10516.0 4.938166e-17
10518.0 4.935431e-17
10520.0 4.932698e-17
10522.0 4.929967e-17
10524.0 4.927238e-17
10526.0 4.924511e-17
10528.0 4.921785e-17
10530.0 4.919062e-17
10532.0 4.916340e-17
10534.0 4.913620e-17
10536.0 4.910901e-17
10538.0 4.908185e-17
10540.0 4.905470e-17
10542.0 4.902757e-17
10544.0 4.900046e-17
10546.0 4.897337e-17
10548.0 4.894629e-17
10550.0 4.891923e-17
10552.0 4.889219e-17
10554.0 4.886517e-17
10556.0 4.883816e-17
10558.0 4.881118e-17
10560.0 4.878421e-17
10562.0 4.875726e-17
10564.0 4.873032e-17
10566.0 4.870341e-17
10568.0 4.867651e-17
10570.0 4.864963e-17
10572.0 4.862276e-17
10574.0 4.859592e-17
10576.0 4.856909e-17
10578.0 4.854228e-17
10580.0 4.851549e-17
10582.0 4.848871e-17
10584.0 4.846195e-17
10586.0 4.843522e-17
10588.0 4.840849e-17
10590.0 4.838179e-17
10592.0 4.835510e-17
10594.0 4.832843e-17
10596.0 4.830178e-17
10598.0 4.827515e-17
10600.0 4.824853e-17
10602.0 4.822193e-17
10604.0 4.819535e-17
10606.0 4.816878e-17
10608.0 4.814224e-17
10610.0 4.811571e-17
10612.0 4.808919e-17
10614.0 4.806270e-17
10616.0 4.803622e-17
10618.0 4.800976e-17
10620.0 4.798332e-17
10622.0 4.795689e-17
10624.0 4.793049e-17
10626.0 4.790409e-17
10628.0 4.787772e-17
10630.0 4.785137e-17
10632.0 4.782503e-17
10634.0 4.779871e-17
10636.0 4.777240e-17
10638.0 4.774611e-17
10640.0 4.771984e-17
10642.0 4.769359e-17
10644.0 4.766736e-17
10646.0 4.764114e-17
10648.0 4.761494e-17
10650.0 4.758875e-17
10652.0 4.756259e-17
10654.0 4.753644e-17
10656.0 4.751031e-17
10658.0 4.748419e-17
10660.0 4.745809e-17
10662.0 4.743201e-17
10664.0 4.740595e-17
10666.0 4.737990e-17
10668.0 4.735387e-17
10670.0 4.732786e-17
10672.0 4.730186e-17
10674.0 4.727589e-17
10676.0 4.724992e-17
10678.0 4.722398e-17
10680.0 4.719805e-17
10682.0 4.717214e-17
10684.0 4.714625e-17
10686.0 4.712037e-17
10688.0 4.709451e-17
10690.0 4.706867e-17
10692.0 4.704284e-17
10694.0 4.701704e-17
10696.0 4.699124e-17
10698.0 4.696547e-17
10700.0 4.693971e-17
10702.0 4.691397e-17
10704.0 4.688824e-17
10706.0 4.686254e-17
10708.0 4.683685e-17
10710.0 4.681117e-17
10712.0 4.678551e-17
10714.0 4.675987e-17
10716.0 4.673425e-17
10718.0 4.670864e-17
10720.0 4.668305e-17
10722.0 4.665748e-17
10724.0 4.663192e-17
10726.0 4.660638e-17
10728.0 4.658086e-17
10730.0 4.655535e-17
10732.0 4.652986e-17
10734.0 4.650439e-17
10736.0 4.647893e-17
10738.0 4.645349e-17
10740.0 4.642807e-17
10742.0 4.640266e-17
10744.0 4.637727e-17
10746.0 4.635190e-17
10748.0 4.632654e-17
10750.0 4.630120e-17
10752.0 4.627588e-17
10754.0 4.625057e-17
10756.0 4.622528e-17
10758.0 4.620000e-17
10760.0 4.617475e-17
10762.0 4.614950e-17
10764.0 4.612428e-17
10766.0 4.609907e-17
10768.0 4.607388e-17
10770.0 4.604870e-17
10772.0 4.602354e-17
10774.0 4.599840e-17
10776.0 4.597327e-17
10778.0 4.594816e-17
10780.0 4.592307e-17
10782.0 4.589799e-17
10784.0 4.587293e-17
10786.0 4.584789e-17
10788.0 4.582286e-17
10790.0 4.579785e-17
10792.0 4.577285e-17
10794.0 4.574787e-17
10796.0 4.572291e-17
10798.0 4.569796e-17
10800.0 4.567303e-17
10802.0 4.564812e-17
10804.0 4.562322e-17
10806.0 4.559834e-17
10808.0 4.557347e-17
10810.0 4.554862e-17
10812.0 4.552379e-17
10814.0 4.549897e-17
10816.0 4.547417e-17
10818.0 4.544939e-17
10820.0 4.542462e-17
10822.0 4.539987e-17
10824.0 4.537513e-17
10826.0 4.535041e-17
10828.0 4.532571e-17
10830.0 4.530102e-17
10832.0 4.527635e-17
10834.0 4.525169e-17
10836.0 4.522705e-17
10838.0 4.520243e-17
10840.0 4.517782e-17
10842.0 4.515323e-17
10844.0 4.512865e-17
10846.0 4.510409e-17
10848.0 4.507955e-17
10850.0 4.505502e-17
10852.0 4.503051e-17
10854.0 4.500601e-17
10856.0 4.498153e-17
10858.0 4.495707e-17
10860.0 4.493262e-17
10862.0 4.490819e-17
10864.0 4.488377e-17
10866.0 4.485937e-17
10868.0 4.483499e-17
10870.0 4.481062e-17
10872.0 4.478627e-17
10874.0 4.476193e-17
10876.0 4.473761e-17
10878.0 4.471330e-17
10880.0 4.468901e-17
10882.0 4.466474e-17
10884.0 4.464048e-17
10886.0 4.461624e-17
10888.0 4.459201e-17
10890.0 4.456780e-17
10892.0 4.454361e-17
10894.0 4.451943e-17
10896.0 4.449526e-17
10898.0 4.447111e-17
10900.0 4.444698e-17
10902.0 4.442287e-17
10904.0 4.439876e-17
10906.0 4.437468e-17
10908.0 4.435061e-17
10910.0 4.432655e-17
10912.0 4.430252e-17
10914.0 4.427849e-17
10916.0 4.425449e-17
10918.0 4.423049e-17
10920.0 4.420652e-17
10922.0 4.418256e-17
10924.0 4.415861e-17
10926.0 4.413468e-17
10928.0 4.411077e-17
10930.0 4.408687e-17
10932.0 4.406299e-17
10934.0 4.403912e-17
10936.0 4.401527e-17
10938.0 4.399143e-17
10940.0 4.396761e-17
10942.0 4.394380e-17
10944.0 4.392001e-17
10946.0 4.389624e-17
10948.0 4.387248e-17
10950.0 4.384873e-17
10952.0 4.382500e-17
10954.0 4.380129e-17
10956.0 4.377759e-17
10958.0 4.375391e-17
10960.0 4.373024e-17
10962.0 4.370659e-17
10964.0 4.368295e-17
10966.0 4.365933e-17
10968.0 4.363572e-17
10970.0 4.361213e-17
10972.0 4.358856e-17
10974.0 4.356500e-17
10976.0 4.354145e-17
10978.0 4.351792e-17
10980.0 4.349441e-17
10982.0 4.347091e-17
10984.0 4.344742e-17
10986.0 4.342395e-17
10988.0 4.340050e-17
10990.0 4.337706e-17
10992.0 4.335364e-17
10994.0 4.333023e-17
10996.0 4.330684e-17
10998.0 4.328346e-17
